# Normal SJ
# social_norm = [[(1, 1), (0, 0)], [(0, 0), (1, 1)]]
#               (1,1,0,0,0,0,1,1)
# Nice SJ
# social_norm = [[(1, 1), (0, 1)], [(0, 1), (1, 1)]]
#               (1,1,0,1,0,1,1,1)
# Normal IS
# social_norm = [[(0, 0), (0, 0)], [(1, 1), (1, 1)]]
# Normal SS
# social_norm = [[(1, 1), (0, 0)], [(1, 1), (1, 1)]]
# Normal SH
# social_norm = [[(0, 0), (0, 0)], [(0, 0), (1, 1)]]
# All G
# social_norm = [[(1, 1), (1, 1)], [(1, 1), (1, 1)]]
# All B
# social_norm = [[(0, 0), (0, 0)], [(0, 0), (0, 0)]]
# Social Norm     Z  mu  chi eps
(1,1,0,1,0,1,1,1) 40 0.1 0.1 0.1
(1,1,0,1,0,1,1,1) 40 0.1 0.1 0.5
(1,1,0,1,0,1,1,1) 40 0.1 0.1 1
(1,1,0,1,0,1,1,1) 40 0.1 0.1 5
(1,1,0,1,0,1,1,1) 40 0.1 0.1 10
(1,1,0,1,0,1,1,1) 40 0.1 0.1 15
