# Normal SJ
# social_norm = [[(1, 1), (0, 0)], [(0, 0), (1, 1)]]
#               (1,1,0,0,0,0,1,1)
# Nice SJ
# social_norm = [[(1, 1), (0, 1)], [(0, 1), (1, 1)]]
#               (1,1,0,1,0,1,1,1)
# Normal IS
# social_norm = [[(0, 0), (0, 0)], [(1, 1), (1, 1)]]
# (nice) IScoring-Standing
# social_norm = [[(0, 0), (0, 1)], [(1, 1), (1, 1)]]
# Normal SS
# social_norm = [[(1, 1), (0, 0)], [(1, 1), (1, 1)]]
# Normal SH
# social_norm = [[(0, 0), (0, 0)], [(0, 0), (1, 1)]]
# All G
# social_norm = [[(1, 1), (1, 1)], [(1, 1), (1, 1)]]
# All B
# social_norm = [[(0, 0), (0, 0)], [(0, 0), (0, 0)]]
# EB Social Norm  SN        pdx  Z  mu  chi eps gamma
(1,1,0,1,0,1,1,1) (1,0,0,1) true 50 0.1 0.1 0.001 0.0
(1,1,0,1,0,1,1,1) (1,0,0,1) true 50 0.1 0.1 0.001 0.1
(1,1,0,1,0,1,1,1) (1,0,0,1) true 50 0.1 0.1 0.001 0.2
(1,1,0,1,0,1,1,1) (1,0,0,1) true 50 0.1 0.1 0.001 0.3
(1,1,0,1,0,1,1,1) (1,0,0,1) true 50 0.1 0.1 0.001 0.4
(1,1,0,1,0,1,1,1) (1,0,0,1) true 50 0.1 0.1 0.001 0.5
(1,1,0,1,0,1,1,1) (1,0,0,1) true 50 0.1 0.1 0.001 0.6
(1,1,0,1,0,1,1,1) (1,0,0,1) true 50 0.1 0.1 0.001 0.7
(1,1,0,1,0,1,1,1) (1,0,0,1) true 50 0.1 0.1 0.001 0.8
(1,1,0,1,0,1,1,1) (1,0,0,1) true 50 0.1 0.1 0.001 0.9
(1,1,0,1,0,1,1,1) (1,0,0,1) true 50 0.1 0.1 0.001 1.0
(1,1,0,1,0,1,1,1) (1,0,0,1) true 50 0.1 0.1 0.01 0.0
(1,1,0,1,0,1,1,1) (1,0,0,1) true 50 0.1 0.1 0.01 0.1
(1,1,0,1,0,1,1,1) (1,0,0,1) true 50 0.1 0.1 0.01 0.2
(1,1,0,1,0,1,1,1) (1,0,0,1) true 50 0.1 0.1 0.01 0.3
(1,1,0,1,0,1,1,1) (1,0,0,1) true 50 0.1 0.1 0.01 0.4
(1,1,0,1,0,1,1,1) (1,0,0,1) true 50 0.1 0.1 0.01 0.5
(1,1,0,1,0,1,1,1) (1,0,0,1) true 50 0.1 0.1 0.01 0.6
(1,1,0,1,0,1,1,1) (1,0,0,1) true 50 0.1 0.1 0.01 0.7
(1,1,0,1,0,1,1,1) (1,0,0,1) true 50 0.1 0.1 0.01 0.8
(1,1,0,1,0,1,1,1) (1,0,0,1) true 50 0.1 0.1 0.01 0.9
(1,1,0,1,0,1,1,1) (1,0,0,1) true 50 0.1 0.1 0.01 1.0
(1,1,0,1,0,1,1,1) (1,0,0,1) true 50 0.1 0.1 0.1 0.0
(1,1,0,1,0,1,1,1) (1,0,0,1) true 50 0.1 0.1 0.1 0.1
(1,1,0,1,0,1,1,1) (1,0,0,1) true 50 0.1 0.1 0.1 0.2
(1,1,0,1,0,1,1,1) (1,0,0,1) true 50 0.1 0.1 0.1 0.3
(1,1,0,1,0,1,1,1) (1,0,0,1) true 50 0.1 0.1 0.1 0.4
(1,1,0,1,0,1,1,1) (1,0,0,1) true 50 0.1 0.1 0.1 0.5
(1,1,0,1,0,1,1,1) (1,0,0,1) true 50 0.1 0.1 0.1 0.6
(1,1,0,1,0,1,1,1) (1,0,0,1) true 50 0.1 0.1 0.1 0.7
(1,1,0,1,0,1,1,1) (1,0,0,1) true 50 0.1 0.1 0.1 0.8
(1,1,0,1,0,1,1,1) (1,0,0,1) true 50 0.1 0.1 0.1 0.9
(1,1,0,1,0,1,1,1) (1,0,0,1) true 50 0.1 0.1 0.1 1.0
(1,1,0,1,0,1,1,1) (1,0,0,1) true 50 0.1 0.1 1 0.0
(1,1,0,1,0,1,1,1) (1,0,0,1) true 50 0.1 0.1 1 0.1
(1,1,0,1,0,1,1,1) (1,0,0,1) true 50 0.1 0.1 1 0.2
(1,1,0,1,0,1,1,1) (1,0,0,1) true 50 0.1 0.1 1 0.3
(1,1,0,1,0,1,1,1) (1,0,0,1) true 50 0.1 0.1 1 0.4
(1,1,0,1,0,1,1,1) (1,0,0,1) true 50 0.1 0.1 1 0.5
(1,1,0,1,0,1,1,1) (1,0,0,1) true 50 0.1 0.1 1 0.6
(1,1,0,1,0,1,1,1) (1,0,0,1) true 50 0.1 0.1 1 0.7
(1,1,0,1,0,1,1,1) (1,0,0,1) true 50 0.1 0.1 1 0.8
(1,1,0,1,0,1,1,1) (1,0,0,1) true 50 0.1 0.1 1 0.9
(1,1,0,1,0,1,1,1) (1,0,0,1) true 50 0.1 0.1 1 1.0
(1,1,0,1,0,1,1,1) (1,0,0,1) true 50 0.1 0.1 10 0.0
(1,1,0,1,0,1,1,1) (1,0,0,1) true 50 0.1 0.1 10 0.1
(1,1,0,1,0,1,1,1) (1,0,0,1) true 50 0.1 0.1 10 0.2
(1,1,0,1,0,1,1,1) (1,0,0,1) true 50 0.1 0.1 10 0.3
(1,1,0,1,0,1,1,1) (1,0,0,1) true 50 0.1 0.1 10 0.4
(1,1,0,1,0,1,1,1) (1,0,0,1) true 50 0.1 0.1 10 0.5
(1,1,0,1,0,1,1,1) (1,0,0,1) true 50 0.1 0.1 10 0.6
(1,1,0,1,0,1,1,1) (1,0,0,1) true 50 0.1 0.1 10 0.7
(1,1,0,1,0,1,1,1) (1,0,0,1) true 50 0.1 0.1 10 0.8
(1,1,0,1,0,1,1,1) (1,0,0,1) true 50 0.1 0.1 10 0.9
(1,1,0,1,0,1,1,1) (1,0,0,1) true 50 0.1 0.1 10 1.0
(1,1,1,0,1,0,1,1) (1,0,0,1) true 50 0.1 0.1 0.001 0.0
(1,1,1,0,1,0,1,1) (1,0,0,1) true 50 0.1 0.1 0.001 0.1
(1,1,1,0,1,0,1,1) (1,0,0,1) true 50 0.1 0.1 0.001 0.2
(1,1,1,0,1,0,1,1) (1,0,0,1) true 50 0.1 0.1 0.001 0.3
(1,1,1,0,1,0,1,1) (1,0,0,1) true 50 0.1 0.1 0.001 0.4
(1,1,1,0,1,0,1,1) (1,0,0,1) true 50 0.1 0.1 0.001 0.5
(1,1,1,0,1,0,1,1) (1,0,0,1) true 50 0.1 0.1 0.001 0.6
(1,1,1,0,1,0,1,1) (1,0,0,1) true 50 0.1 0.1 0.001 0.7
(1,1,1,0,1,0,1,1) (1,0,0,1) true 50 0.1 0.1 0.001 0.8
(1,1,1,0,1,0,1,1) (1,0,0,1) true 50 0.1 0.1 0.001 0.9
(1,1,1,0,1,0,1,1) (1,0,0,1) true 50 0.1 0.1 0.001 1.0
(1,1,1,0,1,0,1,1) (1,0,0,1) true 50 0.1 0.1 0.01 0.0
(1,1,1,0,1,0,1,1) (1,0,0,1) true 50 0.1 0.1 0.01 0.1
(1,1,1,0,1,0,1,1) (1,0,0,1) true 50 0.1 0.1 0.01 0.2
(1,1,1,0,1,0,1,1) (1,0,0,1) true 50 0.1 0.1 0.01 0.3
(1,1,1,0,1,0,1,1) (1,0,0,1) true 50 0.1 0.1 0.01 0.4
(1,1,1,0,1,0,1,1) (1,0,0,1) true 50 0.1 0.1 0.01 0.5
(1,1,1,0,1,0,1,1) (1,0,0,1) true 50 0.1 0.1 0.01 0.6
(1,1,1,0,1,0,1,1) (1,0,0,1) true 50 0.1 0.1 0.01 0.7
(1,1,1,0,1,0,1,1) (1,0,0,1) true 50 0.1 0.1 0.01 0.8
(1,1,1,0,1,0,1,1) (1,0,0,1) true 50 0.1 0.1 0.01 0.9
(1,1,1,0,1,0,1,1) (1,0,0,1) true 50 0.1 0.1 0.01 1.0
(1,1,1,0,1,0,1,1) (1,0,0,1) true 50 0.1 0.1 0.1 0.0
(1,1,1,0,1,0,1,1) (1,0,0,1) true 50 0.1 0.1 0.1 0.1
(1,1,1,0,1,0,1,1) (1,0,0,1) true 50 0.1 0.1 0.1 0.2
(1,1,1,0,1,0,1,1) (1,0,0,1) true 50 0.1 0.1 0.1 0.3
(1,1,1,0,1,0,1,1) (1,0,0,1) true 50 0.1 0.1 0.1 0.4
(1,1,1,0,1,0,1,1) (1,0,0,1) true 50 0.1 0.1 0.1 0.5
(1,1,1,0,1,0,1,1) (1,0,0,1) true 50 0.1 0.1 0.1 0.6
(1,1,1,0,1,0,1,1) (1,0,0,1) true 50 0.1 0.1 0.1 0.7
(1,1,1,0,1,0,1,1) (1,0,0,1) true 50 0.1 0.1 0.1 0.8
(1,1,1,0,1,0,1,1) (1,0,0,1) true 50 0.1 0.1 0.1 0.9
(1,1,1,0,1,0,1,1) (1,0,0,1) true 50 0.1 0.1 0.1 1.0
(1,1,1,0,1,0,1,1) (1,0,0,1) true 50 0.1 0.1 1 0.0
(1,1,1,0,1,0,1,1) (1,0,0,1) true 50 0.1 0.1 1 0.1
(1,1,1,0,1,0,1,1) (1,0,0,1) true 50 0.1 0.1 1 0.2
(1,1,1,0,1,0,1,1) (1,0,0,1) true 50 0.1 0.1 1 0.3
(1,1,1,0,1,0,1,1) (1,0,0,1) true 50 0.1 0.1 1 0.4
(1,1,1,0,1,0,1,1) (1,0,0,1) true 50 0.1 0.1 1 0.5
(1,1,1,0,1,0,1,1) (1,0,0,1) true 50 0.1 0.1 1 0.6
(1,1,1,0,1,0,1,1) (1,0,0,1) true 50 0.1 0.1 1 0.7
(1,1,1,0,1,0,1,1) (1,0,0,1) true 50 0.1 0.1 1 0.8
(1,1,1,0,1,0,1,1) (1,0,0,1) true 50 0.1 0.1 1 0.9
(1,1,1,0,1,0,1,1) (1,0,0,1) true 50 0.1 0.1 1 1.0
(1,1,1,0,1,0,1,1) (1,0,0,1) true 50 0.1 0.1 10 0.0
(1,1,1,0,1,0,1,1) (1,0,0,1) true 50 0.1 0.1 10 0.1
(1,1,1,0,1,0,1,1) (1,0,0,1) true 50 0.1 0.1 10 0.2
(1,1,1,0,1,0,1,1) (1,0,0,1) true 50 0.1 0.1 10 0.3
(1,1,1,0,1,0,1,1) (1,0,0,1) true 50 0.1 0.1 10 0.4
(1,1,1,0,1,0,1,1) (1,0,0,1) true 50 0.1 0.1 10 0.5
(1,1,1,0,1,0,1,1) (1,0,0,1) true 50 0.1 0.1 10 0.6
(1,1,1,0,1,0,1,1) (1,0,0,1) true 50 0.1 0.1 10 0.7
(1,1,1,0,1,0,1,1) (1,0,0,1) true 50 0.1 0.1 10 0.8
(1,1,1,0,1,0,1,1) (1,0,0,1) true 50 0.1 0.1 10 0.9
(1,1,1,0,1,0,1,1) (1,0,0,1) true 50 0.1 0.1 10 1.0
