#---- SPACE ----#
(0,0,1,1,0,1,1,1) (0,0,1,1) true 50 0.1 0.1 0.1 0.1 0.0 2 1 1
(0,0,1,1,0,1,1,1) (0,0,1,1) true 50 0.1 0.1 0.1 0.1 0.05 2 1 1
(0,0,1,1,0,1,1,1) (0,0,1,1) true 50 0.1 0.1 0.1 0.1 0.1 2 1 1
(0,0,1,1,0,1,1,1) (0,0,1,1) true 50 0.1 0.1 0.1 0.1 0.15 2 1 1
(0,0,1,1,0,1,1,1) (0,0,1,1) true 50 0.1 0.1 0.1 0.1 0.2 2 1 1
(0,0,1,1,0,1,1,1) (0,0,1,1) true 50 0.1 0.1 0.1 0.1 0.25 2 1 1
(0,0,1,1,0,1,1,1) (0,0,1,1) true 50 0.1 0.1 0.1 0.1 0.3 2 1 1
(0,0,1,1,0,1,1,1) (0,0,1,1) true 50 0.1 0.1 0.1 0.1 0.35 2 1 1
(0,0,1,1,0,1,1,1) (0,0,1,1) true 50 0.1 0.1 0.1 0.1 0.4 2 1 1
(0,0,1,1,0,1,1,1) (0,0,1,1) true 50 0.1 0.1 0.1 0.1 0.45 2 1 1
(0,0,1,1,0,1,1,1) (0,0,1,1) true 50 0.1 0.1 0.1 0.1 0.5 2 1 1
(0,0,1,1,0,1,1,1) (0,0,1,1) true 50 0.1 0.1 0.1 0.1 0.55 2 1 1
(0,0,1,1,0,1,1,1) (0,0,1,1) true 50 0.1 0.1 0.1 0.1 0.6 2 1 1
(0,0,1,1,0,1,1,1) (0,0,1,1) true 50 0.1 0.1 0.1 0.1 0.65 2 1 1
(0,0,1,1,0,1,1,1) (0,0,1,1) true 50 0.1 0.1 0.1 0.1 0.7 2 1 1
(0,0,1,1,0,1,1,1) (0,0,1,1) true 50 0.1 0.1 0.1 0.1 0.75 2 1 1
(0,0,1,1,0,1,1,1) (0,0,1,1) true 50 0.1 0.1 0.1 0.1 0.8 2 1 1
(0,0,1,1,0,1,1,1) (0,0,1,1) true 50 0.1 0.1 0.1 0.1 0.85 2 1 1
(0,0,1,1,0,1,1,1) (0,0,1,1) true 50 0.1 0.1 0.1 0.1 0.9 2 1 1
(0,0,1,1,0,1,1,1) (0,0,1,1) true 50 0.1 0.1 0.1 0.1 0.95 2 1 1
(0,0,1,1,0,1,1,1) (0,0,1,1) true 50 0.1 0.1 0.1 0.1 1.0 2 1 1
