#---- SPACE ----#
(0,0,1,1,0,1,1,1) (0,0,1,1) true 50 0.1 0.1 0.1 0.1 0.0 3 1 1
(0,0,1,1,0,1,1,1) (0,0,1,1) true 50 0.1 0.1 0.1 0.1 0.05 3 1 1
(0,0,1,1,0,1,1,1) (0,0,1,1) true 50 0.1 0.1 0.1 0.1 0.1 3 1 1
(0,0,1,1,0,1,1,1) (0,0,1,1) true 50 0.1 0.1 0.1 0.1 0.15 3 1 1
(0,0,1,1,0,1,1,1) (0,0,1,1) true 50 0.1 0.1 0.1 0.1 0.2 3 1 1
(0,0,1,1,0,1,1,1) (0,0,1,1) true 50 0.1 0.1 0.1 0.1 0.25 3 1 1
(0,0,1,1,0,1,1,1) (0,0,1,1) true 50 0.1 0.1 0.1 0.1 0.3 3 1 1
(0,0,1,1,0,1,1,1) (0,0,1,1) true 50 0.1 0.1 0.1 0.1 0.35 3 1 1
(0,0,1,1,0,1,1,1) (0,0,1,1) true 50 0.1 0.1 0.1 0.1 0.4 3 1 1
(0,0,1,1,0,1,1,1) (0,0,1,1) true 50 0.1 0.1 0.1 0.1 0.45 3 1 1
(0,0,1,1,0,1,1,1) (0,0,1,1) true 50 0.1 0.1 0.1 0.1 0.5 3 1 1
(0,0,1,1,0,1,1,1) (0,0,1,1) true 50 0.1 0.1 0.1 0.1 0.55 3 1 1
(0,0,1,1,0,1,1,1) (0,0,1,1) true 50 0.1 0.1 0.1 0.1 0.6 3 1 1
(0,0,1,1,0,1,1,1) (0,0,1,1) true 50 0.1 0.1 0.1 0.1 0.65 3 1 1
(0,0,1,1,0,1,1,1) (0,0,1,1) true 50 0.1 0.1 0.1 0.1 0.7 3 1 1
(0,0,1,1,0,1,1,1) (0,0,1,1) true 50 0.1 0.1 0.1 0.1 0.75 3 1 1
(0,0,1,1,0,1,1,1) (0,0,1,1) true 50 0.1 0.1 0.1 0.1 0.8 3 1 1
(0,0,1,1,0,1,1,1) (0,0,1,1) true 50 0.1 0.1 0.1 0.1 0.85 3 1 1
(0,0,1,1,0,1,1,1) (0,0,1,1) true 50 0.1 0.1 0.1 0.1 0.9 3 1 1
(0,0,1,1,0,1,1,1) (0,0,1,1) true 50 0.1 0.1 0.1 0.1 0.95 3 1 1
(0,0,1,1,0,1,1,1) (0,0,1,1) true 50 0.1 0.1 0.1 0.1 1.0 3 1 1
