#---- SPACE ----#
(0,0,1,1,0,1,1,1) (0,0,1,1) true 50 0.1 0.1 0.1 0.1 0.0 4 1 1
(0,0,1,1,0,1,1,1) (0,0,1,1) true 50 0.1 0.1 0.1 0.1 0.05 4 1 1
(0,0,1,1,0,1,1,1) (0,0,1,1) true 50 0.1 0.1 0.1 0.1 0.1 4 1 1
(0,0,1,1,0,1,1,1) (0,0,1,1) true 50 0.1 0.1 0.1 0.1 0.15 4 1 1
(0,0,1,1,0,1,1,1) (0,0,1,1) true 50 0.1 0.1 0.1 0.1 0.2 4 1 1
(0,0,1,1,0,1,1,1) (0,0,1,1) true 50 0.1 0.1 0.1 0.1 0.25 4 1 1
(0,0,1,1,0,1,1,1) (0,0,1,1) true 50 0.1 0.1 0.1 0.1 0.3 4 1 1
(0,0,1,1,0,1,1,1) (0,0,1,1) true 50 0.1 0.1 0.1 0.1 0.35 4 1 1
(0,0,1,1,0,1,1,1) (0,0,1,1) true 50 0.1 0.1 0.1 0.1 0.4 4 1 1
(0,0,1,1,0,1,1,1) (0,0,1,1) true 50 0.1 0.1 0.1 0.1 0.45 4 1 1
(0,0,1,1,0,1,1,1) (0,0,1,1) true 50 0.1 0.1 0.1 0.1 0.5 4 1 1
(0,0,1,1,0,1,1,1) (0,0,1,1) true 50 0.1 0.1 0.1 0.1 0.55 4 1 1
(0,0,1,1,0,1,1,1) (0,0,1,1) true 50 0.1 0.1 0.1 0.1 0.6 4 1 1
(0,0,1,1,0,1,1,1) (0,0,1,1) true 50 0.1 0.1 0.1 0.1 0.65 4 1 1
(0,0,1,1,0,1,1,1) (0,0,1,1) true 50 0.1 0.1 0.1 0.1 0.7 4 1 1
(0,0,1,1,0,1,1,1) (0,0,1,1) true 50 0.1 0.1 0.1 0.1 0.75 4 1 1
(0,0,1,1,0,1,1,1) (0,0,1,1) true 50 0.1 0.1 0.1 0.1 0.8 4 1 1
(0,0,1,1,0,1,1,1) (0,0,1,1) true 50 0.1 0.1 0.1 0.1 0.85 4 1 1
(0,0,1,1,0,1,1,1) (0,0,1,1) true 50 0.1 0.1 0.1 0.1 0.9 4 1 1
(0,0,1,1,0,1,1,1) (0,0,1,1) true 50 0.1 0.1 0.1 0.1 0.95 4 1 1
(0,0,1,1,0,1,1,1) (0,0,1,1) true 50 0.1 0.1 0.1 0.1 1.0 4 1 1
