#---- SPACE ----#
(0,0,0,1,0,1,1,1) (0,0,1,1) true 50 0.1 0.001 0.001 0.001 0.9
(0,0,0,1,0,1,1,1) (0,0,1,1) true 50 0.1 0.001 0.001 0.001 0.91
(0,0,0,1,0,1,1,1) (0,0,1,1) true 50 0.1 0.001 0.001 0.001 0.92
(0,0,0,1,0,1,1,1) (0,0,1,1) true 50 0.1 0.001 0.001 0.001 0.93
(0,0,0,1,0,1,1,1) (0,0,1,1) true 50 0.1 0.001 0.001 0.001 0.94
(0,0,0,1,0,1,1,1) (0,0,1,1) true 50 0.1 0.001 0.001 0.001 0.95
(0,0,0,1,0,1,1,1) (0,0,1,1) true 50 0.1 0.001 0.001 0.001 0.96
(0,0,0,1,0,1,1,1) (0,0,1,1) true 50 0.1 0.001 0.001 0.001 0.97
(0,0,0,1,0,1,1,1) (0,0,1,1) true 50 0.1 0.001 0.001 0.001 0.98
(0,0,0,1,0,1,1,1) (0,0,1,1) true 50 0.1 0.001 0.001 0.001 0.99
(0,0,0,1,0,1,1,1) (0,0,1,1) true 50 0.1 0.001 0.001 0.001 1.0
#---- SPACE ----#
(0,0,0,1,0,1,1,1) (0,0,1,1) true 50 0.1 0.01 0.001 0.001 0.9
(0,0,0,1,0,1,1,1) (0,0,1,1) true 50 0.1 0.01 0.001 0.001 0.91
(0,0,0,1,0,1,1,1) (0,0,1,1) true 50 0.1 0.01 0.001 0.001 0.92
(0,0,0,1,0,1,1,1) (0,0,1,1) true 50 0.1 0.01 0.001 0.001 0.93
(0,0,0,1,0,1,1,1) (0,0,1,1) true 50 0.1 0.01 0.001 0.001 0.94
(0,0,0,1,0,1,1,1) (0,0,1,1) true 50 0.1 0.01 0.001 0.001 0.95
(0,0,0,1,0,1,1,1) (0,0,1,1) true 50 0.1 0.01 0.001 0.001 0.96
(0,0,0,1,0,1,1,1) (0,0,1,1) true 50 0.1 0.01 0.001 0.001 0.97
(0,0,0,1,0,1,1,1) (0,0,1,1) true 50 0.1 0.01 0.001 0.001 0.98
(0,0,0,1,0,1,1,1) (0,0,1,1) true 50 0.1 0.01 0.001 0.001 0.99
(0,0,0,1,0,1,1,1) (0,0,1,1) true 50 0.1 0.01 0.001 0.001 1.0
#---- SPACE ----#
(0,0,0,1,0,1,1,1) (0,0,1,1) true 50 0.1 0.1 0.001 0.001 0.9
(0,0,0,1,0,1,1,1) (0,0,1,1) true 50 0.1 0.1 0.001 0.001 0.91
(0,0,0,1,0,1,1,1) (0,0,1,1) true 50 0.1 0.1 0.001 0.001 0.92
(0,0,0,1,0,1,1,1) (0,0,1,1) true 50 0.1 0.1 0.001 0.001 0.93
(0,0,0,1,0,1,1,1) (0,0,1,1) true 50 0.1 0.1 0.001 0.001 0.94
(0,0,0,1,0,1,1,1) (0,0,1,1) true 50 0.1 0.1 0.001 0.001 0.95
(0,0,0,1,0,1,1,1) (0,0,1,1) true 50 0.1 0.1 0.001 0.001 0.96
(0,0,0,1,0,1,1,1) (0,0,1,1) true 50 0.1 0.1 0.001 0.001 0.97
(0,0,0,1,0,1,1,1) (0,0,1,1) true 50 0.1 0.1 0.001 0.001 0.98
(0,0,0,1,0,1,1,1) (0,0,1,1) true 50 0.1 0.1 0.001 0.001 0.99
(0,0,0,1,0,1,1,1) (0,0,1,1) true 50 0.1 0.1 0.001 0.001 1.0
#---- SPACE ----#
(0,0,0,1,0,1,1,1) (0,0,1,1) true 50 0.1 1 0.001 0.001 0.9
(0,0,0,1,0,1,1,1) (0,0,1,1) true 50 0.1 1 0.001 0.001 0.91
(0,0,0,1,0,1,1,1) (0,0,1,1) true 50 0.1 1 0.001 0.001 0.92
(0,0,0,1,0,1,1,1) (0,0,1,1) true 50 0.1 1 0.001 0.001 0.93
(0,0,0,1,0,1,1,1) (0,0,1,1) true 50 0.1 1 0.001 0.001 0.94
(0,0,0,1,0,1,1,1) (0,0,1,1) true 50 0.1 1 0.001 0.001 0.95
(0,0,0,1,0,1,1,1) (0,0,1,1) true 50 0.1 1 0.001 0.001 0.96
(0,0,0,1,0,1,1,1) (0,0,1,1) true 50 0.1 1 0.001 0.001 0.97
(0,0,0,1,0,1,1,1) (0,0,1,1) true 50 0.1 1 0.001 0.001 0.98
(0,0,0,1,0,1,1,1) (0,0,1,1) true 50 0.1 1 0.001 0.001 0.99
(0,0,0,1,0,1,1,1) (0,0,1,1) true 50 0.1 1 0.001 0.001 1.0
#---- SPACE ----#
(0,0,0,1,0,1,1,1) (0,0,1,1) true 50 0.1 10 0.001 0.001 0.9
(0,0,0,1,0,1,1,1) (0,0,1,1) true 50 0.1 10 0.001 0.001 0.91
(0,0,0,1,0,1,1,1) (0,0,1,1) true 50 0.1 10 0.001 0.001 0.92
(0,0,0,1,0,1,1,1) (0,0,1,1) true 50 0.1 10 0.001 0.001 0.93
(0,0,0,1,0,1,1,1) (0,0,1,1) true 50 0.1 10 0.001 0.001 0.94
(0,0,0,1,0,1,1,1) (0,0,1,1) true 50 0.1 10 0.001 0.001 0.95
(0,0,0,1,0,1,1,1) (0,0,1,1) true 50 0.1 10 0.001 0.001 0.96
(0,0,0,1,0,1,1,1) (0,0,1,1) true 50 0.1 10 0.001 0.001 0.97
(0,0,0,1,0,1,1,1) (0,0,1,1) true 50 0.1 10 0.001 0.001 0.98
(0,0,0,1,0,1,1,1) (0,0,1,1) true 50 0.1 10 0.001 0.001 0.99
(0,0,0,1,0,1,1,1) (0,0,1,1) true 50 0.1 10 0.001 0.001 1.0
#---- SPACE ----#
(0,0,0,0,1,1,1,1) (0,0,1,1) true 50 0.1 0.001 0.001 0.001 0.9
(0,0,0,0,1,1,1,1) (0,0,1,1) true 50 0.1 0.001 0.001 0.001 0.91
(0,0,0,0,1,1,1,1) (0,0,1,1) true 50 0.1 0.001 0.001 0.001 0.92
(0,0,0,0,1,1,1,1) (0,0,1,1) true 50 0.1 0.001 0.001 0.001 0.93
(0,0,0,0,1,1,1,1) (0,0,1,1) true 50 0.1 0.001 0.001 0.001 0.94
(0,0,0,0,1,1,1,1) (0,0,1,1) true 50 0.1 0.001 0.001 0.001 0.95
(0,0,0,0,1,1,1,1) (0,0,1,1) true 50 0.1 0.001 0.001 0.001 0.96
(0,0,0,0,1,1,1,1) (0,0,1,1) true 50 0.1 0.001 0.001 0.001 0.97
(0,0,0,0,1,1,1,1) (0,0,1,1) true 50 0.1 0.001 0.001 0.001 0.98
(0,0,0,0,1,1,1,1) (0,0,1,1) true 50 0.1 0.001 0.001 0.001 0.99
(0,0,0,0,1,1,1,1) (0,0,1,1) true 50 0.1 0.001 0.001 0.001 1.0
#---- SPACE ----#
(0,0,0,0,1,1,1,1) (0,0,1,1) true 50 0.1 0.01 0.001 0.001 0.9
(0,0,0,0,1,1,1,1) (0,0,1,1) true 50 0.1 0.01 0.001 0.001 0.91
(0,0,0,0,1,1,1,1) (0,0,1,1) true 50 0.1 0.01 0.001 0.001 0.92
(0,0,0,0,1,1,1,1) (0,0,1,1) true 50 0.1 0.01 0.001 0.001 0.93
(0,0,0,0,1,1,1,1) (0,0,1,1) true 50 0.1 0.01 0.001 0.001 0.94
(0,0,0,0,1,1,1,1) (0,0,1,1) true 50 0.1 0.01 0.001 0.001 0.95
(0,0,0,0,1,1,1,1) (0,0,1,1) true 50 0.1 0.01 0.001 0.001 0.96
(0,0,0,0,1,1,1,1) (0,0,1,1) true 50 0.1 0.01 0.001 0.001 0.97
(0,0,0,0,1,1,1,1) (0,0,1,1) true 50 0.1 0.01 0.001 0.001 0.98
(0,0,0,0,1,1,1,1) (0,0,1,1) true 50 0.1 0.01 0.001 0.001 0.99
(0,0,0,0,1,1,1,1) (0,0,1,1) true 50 0.1 0.01 0.001 0.001 1.0
#---- SPACE ----#
(0,0,0,0,1,1,1,1) (0,0,1,1) true 50 0.1 0.1 0.001 0.001 0.9
(0,0,0,0,1,1,1,1) (0,0,1,1) true 50 0.1 0.1 0.001 0.001 0.91
(0,0,0,0,1,1,1,1) (0,0,1,1) true 50 0.1 0.1 0.001 0.001 0.92
(0,0,0,0,1,1,1,1) (0,0,1,1) true 50 0.1 0.1 0.001 0.001 0.93
(0,0,0,0,1,1,1,1) (0,0,1,1) true 50 0.1 0.1 0.001 0.001 0.94
(0,0,0,0,1,1,1,1) (0,0,1,1) true 50 0.1 0.1 0.001 0.001 0.95
(0,0,0,0,1,1,1,1) (0,0,1,1) true 50 0.1 0.1 0.001 0.001 0.96
(0,0,0,0,1,1,1,1) (0,0,1,1) true 50 0.1 0.1 0.001 0.001 0.97
(0,0,0,0,1,1,1,1) (0,0,1,1) true 50 0.1 0.1 0.001 0.001 0.98
(0,0,0,0,1,1,1,1) (0,0,1,1) true 50 0.1 0.1 0.001 0.001 0.99
(0,0,0,0,1,1,1,1) (0,0,1,1) true 50 0.1 0.1 0.001 0.001 1.0
#---- SPACE ----#
(0,0,0,0,1,1,1,1) (0,0,1,1) true 50 0.1 1 0.001 0.001 0.9
(0,0,0,0,1,1,1,1) (0,0,1,1) true 50 0.1 1 0.001 0.001 0.91
(0,0,0,0,1,1,1,1) (0,0,1,1) true 50 0.1 1 0.001 0.001 0.92
(0,0,0,0,1,1,1,1) (0,0,1,1) true 50 0.1 1 0.001 0.001 0.93
(0,0,0,0,1,1,1,1) (0,0,1,1) true 50 0.1 1 0.001 0.001 0.94
(0,0,0,0,1,1,1,1) (0,0,1,1) true 50 0.1 1 0.001 0.001 0.95
(0,0,0,0,1,1,1,1) (0,0,1,1) true 50 0.1 1 0.001 0.001 0.96
(0,0,0,0,1,1,1,1) (0,0,1,1) true 50 0.1 1 0.001 0.001 0.97
(0,0,0,0,1,1,1,1) (0,0,1,1) true 50 0.1 1 0.001 0.001 0.98
(0,0,0,0,1,1,1,1) (0,0,1,1) true 50 0.1 1 0.001 0.001 0.99
(0,0,0,0,1,1,1,1) (0,0,1,1) true 50 0.1 1 0.001 0.001 1.0
#---- SPACE ----#
(0,0,0,0,1,1,1,1) (0,0,1,1) true 50 0.1 10 0.001 0.001 0.9
(0,0,0,0,1,1,1,1) (0,0,1,1) true 50 0.1 10 0.001 0.001 0.91
(0,0,0,0,1,1,1,1) (0,0,1,1) true 50 0.1 10 0.001 0.001 0.92
(0,0,0,0,1,1,1,1) (0,0,1,1) true 50 0.1 10 0.001 0.001 0.93
(0,0,0,0,1,1,1,1) (0,0,1,1) true 50 0.1 10 0.001 0.001 0.94
(0,0,0,0,1,1,1,1) (0,0,1,1) true 50 0.1 10 0.001 0.001 0.95
(0,0,0,0,1,1,1,1) (0,0,1,1) true 50 0.1 10 0.001 0.001 0.96
(0,0,0,0,1,1,1,1) (0,0,1,1) true 50 0.1 10 0.001 0.001 0.97
(0,0,0,0,1,1,1,1) (0,0,1,1) true 50 0.1 10 0.001 0.001 0.98
(0,0,0,0,1,1,1,1) (0,0,1,1) true 50 0.1 10 0.001 0.001 0.99
(0,0,0,0,1,1,1,1) (0,0,1,1) true 50 0.1 10 0.001 0.001 1.0