# Normal SJ
# social_norm = [[(1, 1), (0, 0)], [(0, 0), (1, 1)]]
#               (1,1,0,0,0,0,1,1)
# Nice SJ
# social_norm = [[(1, 1), (0, 1)], [(0, 1), (1, 1)]]
#               (1,1,0,1,0,1,1,1)
# Normal IS
# social_norm = [[(0, 0), (0, 0)], [(1, 1), (1, 1)]]
# (nice) IScoring-Standing
# social_norm = [[(0, 0), (0, 1)], [(1, 1), (1, 1)]]
# Normal SS
# social_norm = [[(1, 1), (0, 0)], [(1, 1), (1, 1)]]
# Normal SH
# social_norm = [[(0, 0), (0, 0)], [(0, 0), (1, 1)]]
# All G
# social_norm = [[(1, 1), (1, 1)], [(1, 1), (1, 1)]]
# All B
# social_norm = [[(0, 0), (0, 0)], [(0, 0), (0, 0)]]
# Social Norm      pdx  Z  mu  chi eps
(1,1,0,0,0,0,1,1) (1,0,0,1) true 50 0.1 0.1 0.001 0.0
(1,1,0,0,0,0,1,1) (1,0,0,1) true 50 0.1 0.1 0.001 0.05
(1,1,0,0,0,0,1,1) (1,0,0,1) true 50 0.1 0.1 0.001 0.1
(1,1,0,0,0,0,1,1) (1,0,0,1) true 50 0.1 0.1 0.001 0.15
(1,1,0,0,0,0,1,1) (1,0,0,1) true 50 0.1 0.1 0.001 0.2
(1,1,0,0,0,0,1,1) (1,0,0,1) true 50 0.1 0.1 0.001 0.25
(1,1,0,0,0,0,1,1) (1,0,0,1) true 50 0.1 0.1 0.001 0.3
(1,1,0,0,0,0,1,1) (1,0,0,1) true 50 0.1 0.1 0.001 0.35
(1,1,0,0,0,0,1,1) (1,0,0,1) true 50 0.1 0.1 0.001 0.4
(1,1,0,0,0,0,1,1) (1,0,0,1) true 50 0.1 0.1 0.001 0.45
(1,1,0,0,0,0,1,1) (1,0,0,1) true 50 0.1 0.1 0.001 0.5
(1,1,0,0,0,0,1,1) (1,0,0,1) true 50 0.1 0.1 0.001 0.55
(1,1,0,0,0,0,1,1) (1,0,0,1) true 50 0.1 0.1 0.001 0.6
(1,1,0,0,0,0,1,1) (1,0,0,1) true 50 0.1 0.1 0.001 0.65
(1,1,0,0,0,0,1,1) (1,0,0,1) true 50 0.1 0.1 0.001 0.7
(1,1,0,0,0,0,1,1) (1,0,0,1) true 50 0.1 0.1 0.001 0.75
(1,1,0,0,0,0,1,1) (1,0,0,1) true 50 0.1 0.1 0.001 0.8
(1,1,0,0,0,0,1,1) (1,0,0,1) true 50 0.1 0.1 0.001 0.85
(1,1,0,0,0,0,1,1) (1,0,0,1) true 50 0.1 0.1 0.001 0.9
(1,1,0,0,0,0,1,1) (1,0,0,1) true 50 0.1 0.1 0.001 0.95
(1,1,0,0,0,0,1,1) (1,0,0,1) true 50 0.1 0.1 0.001 1.0
(1,1,0,0,0,0,1,1) (1,0,0,1) true 50 0.1 0.1 0.01 0.0
(1,1,0,0,0,0,1,1) (1,0,0,1) true 50 0.1 0.1 0.01 0.05
(1,1,0,0,0,0,1,1) (1,0,0,1) true 50 0.1 0.1 0.01 0.1
(1,1,0,0,0,0,1,1) (1,0,0,1) true 50 0.1 0.1 0.01 0.15
(1,1,0,0,0,0,1,1) (1,0,0,1) true 50 0.1 0.1 0.01 0.2
(1,1,0,0,0,0,1,1) (1,0,0,1) true 50 0.1 0.1 0.01 0.25
(1,1,0,0,0,0,1,1) (1,0,0,1) true 50 0.1 0.1 0.01 0.3
(1,1,0,0,0,0,1,1) (1,0,0,1) true 50 0.1 0.1 0.01 0.35
(1,1,0,0,0,0,1,1) (1,0,0,1) true 50 0.1 0.1 0.01 0.4
(1,1,0,0,0,0,1,1) (1,0,0,1) true 50 0.1 0.1 0.01 0.45
(1,1,0,0,0,0,1,1) (1,0,0,1) true 50 0.1 0.1 0.01 0.5
(1,1,0,0,0,0,1,1) (1,0,0,1) true 50 0.1 0.1 0.01 0.55
(1,1,0,0,0,0,1,1) (1,0,0,1) true 50 0.1 0.1 0.01 0.6
(1,1,0,0,0,0,1,1) (1,0,0,1) true 50 0.1 0.1 0.01 0.65
(1,1,0,0,0,0,1,1) (1,0,0,1) true 50 0.1 0.1 0.01 0.7
(1,1,0,0,0,0,1,1) (1,0,0,1) true 50 0.1 0.1 0.01 0.75
(1,1,0,0,0,0,1,1) (1,0,0,1) true 50 0.1 0.1 0.01 0.8
(1,1,0,0,0,0,1,1) (1,0,0,1) true 50 0.1 0.1 0.01 0.85
(1,1,0,0,0,0,1,1) (1,0,0,1) true 50 0.1 0.1 0.01 0.9
(1,1,0,0,0,0,1,1) (1,0,0,1) true 50 0.1 0.1 0.01 0.95
(1,1,0,0,0,0,1,1) (1,0,0,1) true 50 0.1 0.1 0.01 1.0
(1,1,0,0,0,0,1,1) (1,0,0,1) true 50 0.1 0.1 0.1 0.0
(1,1,0,0,0,0,1,1) (1,0,0,1) true 50 0.1 0.1 0.1 0.05
(1,1,0,0,0,0,1,1) (1,0,0,1) true 50 0.1 0.1 0.1 0.1
(1,1,0,0,0,0,1,1) (1,0,0,1) true 50 0.1 0.1 0.1 0.15
(1,1,0,0,0,0,1,1) (1,0,0,1) true 50 0.1 0.1 0.1 0.2
(1,1,0,0,0,0,1,1) (1,0,0,1) true 50 0.1 0.1 0.1 0.25
(1,1,0,0,0,0,1,1) (1,0,0,1) true 50 0.1 0.1 0.1 0.3
(1,1,0,0,0,0,1,1) (1,0,0,1) true 50 0.1 0.1 0.1 0.35
(1,1,0,0,0,0,1,1) (1,0,0,1) true 50 0.1 0.1 0.1 0.4
(1,1,0,0,0,0,1,1) (1,0,0,1) true 50 0.1 0.1 0.1 0.45
(1,1,0,0,0,0,1,1) (1,0,0,1) true 50 0.1 0.1 0.1 0.5
(1,1,0,0,0,0,1,1) (1,0,0,1) true 50 0.1 0.1 0.1 0.55
(1,1,0,0,0,0,1,1) (1,0,0,1) true 50 0.1 0.1 0.1 0.6
(1,1,0,0,0,0,1,1) (1,0,0,1) true 50 0.1 0.1 0.1 0.65
(1,1,0,0,0,0,1,1) (1,0,0,1) true 50 0.1 0.1 0.1 0.7
(1,1,0,0,0,0,1,1) (1,0,0,1) true 50 0.1 0.1 0.1 0.75
(1,1,0,0,0,0,1,1) (1,0,0,1) true 50 0.1 0.1 0.1 0.8
(1,1,0,0,0,0,1,1) (1,0,0,1) true 50 0.1 0.1 0.1 0.85
(1,1,0,0,0,0,1,1) (1,0,0,1) true 50 0.1 0.1 0.1 0.9
(1,1,0,0,0,0,1,1) (1,0,0,1) true 50 0.1 0.1 0.1 0.95
(1,1,0,0,0,0,1,1) (1,0,0,1) true 50 0.1 0.1 0.1 1.0
(1,1,0,0,0,0,1,1) (1,0,0,1) true 50 0.1 0.1 1 0.0
(1,1,0,0,0,0,1,1) (1,0,0,1) true 50 0.1 0.1 1 0.05
(1,1,0,0,0,0,1,1) (1,0,0,1) true 50 0.1 0.1 1 0.1
(1,1,0,0,0,0,1,1) (1,0,0,1) true 50 0.1 0.1 1 0.15
(1,1,0,0,0,0,1,1) (1,0,0,1) true 50 0.1 0.1 1 0.2
(1,1,0,0,0,0,1,1) (1,0,0,1) true 50 0.1 0.1 1 0.25
(1,1,0,0,0,0,1,1) (1,0,0,1) true 50 0.1 0.1 1 0.3
(1,1,0,0,0,0,1,1) (1,0,0,1) true 50 0.1 0.1 1 0.35
(1,1,0,0,0,0,1,1) (1,0,0,1) true 50 0.1 0.1 1 0.4
(1,1,0,0,0,0,1,1) (1,0,0,1) true 50 0.1 0.1 1 0.45
(1,1,0,0,0,0,1,1) (1,0,0,1) true 50 0.1 0.1 1 0.5
(1,1,0,0,0,0,1,1) (1,0,0,1) true 50 0.1 0.1 1 0.55
(1,1,0,0,0,0,1,1) (1,0,0,1) true 50 0.1 0.1 1 0.6
(1,1,0,0,0,0,1,1) (1,0,0,1) true 50 0.1 0.1 1 0.65
(1,1,0,0,0,0,1,1) (1,0,0,1) true 50 0.1 0.1 1 0.7
(1,1,0,0,0,0,1,1) (1,0,0,1) true 50 0.1 0.1 1 0.75
(1,1,0,0,0,0,1,1) (1,0,0,1) true 50 0.1 0.1 1 0.8
(1,1,0,0,0,0,1,1) (1,0,0,1) true 50 0.1 0.1 1 0.85
(1,1,0,0,0,0,1,1) (1,0,0,1) true 50 0.1 0.1 1 0.9
(1,1,0,0,0,0,1,1) (1,0,0,1) true 50 0.1 0.1 1 0.95
(1,1,0,0,0,0,1,1) (1,0,0,1) true 50 0.1 0.1 1 1.0
(1,1,0,0,0,0,1,1) (1,0,0,1) true 50 0.1 0.1 10 0.0
(1,1,0,0,0,0,1,1) (1,0,0,1) true 50 0.1 0.1 10 0.05
(1,1,0,0,0,0,1,1) (1,0,0,1) true 50 0.1 0.1 10 0.1
(1,1,0,0,0,0,1,1) (1,0,0,1) true 50 0.1 0.1 10 0.15
(1,1,0,0,0,0,1,1) (1,0,0,1) true 50 0.1 0.1 10 0.2
(1,1,0,0,0,0,1,1) (1,0,0,1) true 50 0.1 0.1 10 0.25
(1,1,0,0,0,0,1,1) (1,0,0,1) true 50 0.1 0.1 10 0.3
(1,1,0,0,0,0,1,1) (1,0,0,1) true 50 0.1 0.1 10 0.35
(1,1,0,0,0,0,1,1) (1,0,0,1) true 50 0.1 0.1 10 0.4
(1,1,0,0,0,0,1,1) (1,0,0,1) true 50 0.1 0.1 10 0.45
(1,1,0,0,0,0,1,1) (1,0,0,1) true 50 0.1 0.1 10 0.5
(1,1,0,0,0,0,1,1) (1,0,0,1) true 50 0.1 0.1 10 0.55
(1,1,0,0,0,0,1,1) (1,0,0,1) true 50 0.1 0.1 10 0.6
(1,1,0,0,0,0,1,1) (1,0,0,1) true 50 0.1 0.1 10 0.65
(1,1,0,0,0,0,1,1) (1,0,0,1) true 50 0.1 0.1 10 0.7
(1,1,0,0,0,0,1,1) (1,0,0,1) true 50 0.1 0.1 10 0.75
(1,1,0,0,0,0,1,1) (1,0,0,1) true 50 0.1 0.1 10 0.8
(1,1,0,0,0,0,1,1) (1,0,0,1) true 50 0.1 0.1 10 0.85
(1,1,0,0,0,0,1,1) (1,0,0,1) true 50 0.1 0.1 10 0.9
(1,1,0,0,0,0,1,1) (1,0,0,1) true 50 0.1 0.1 10 0.95
(1,1,0,0,0,0,1,1) (1,0,0,1) true 50 0.1 0.1 10 1.0
(1,1,0,1,0,1,1,1) (1,0,0,1) true 50 0.1 0.1 0.001 0.0
(1,1,0,1,0,1,1,1) (1,0,0,1) true 50 0.1 0.1 0.001 0.05
(1,1,0,1,0,1,1,1) (1,0,0,1) true 50 0.1 0.1 0.001 0.1
(1,1,0,1,0,1,1,1) (1,0,0,1) true 50 0.1 0.1 0.001 0.15
(1,1,0,1,0,1,1,1) (1,0,0,1) true 50 0.1 0.1 0.001 0.2
(1,1,0,1,0,1,1,1) (1,0,0,1) true 50 0.1 0.1 0.001 0.25
(1,1,0,1,0,1,1,1) (1,0,0,1) true 50 0.1 0.1 0.001 0.3
(1,1,0,1,0,1,1,1) (1,0,0,1) true 50 0.1 0.1 0.001 0.35
(1,1,0,1,0,1,1,1) (1,0,0,1) true 50 0.1 0.1 0.001 0.4
(1,1,0,1,0,1,1,1) (1,0,0,1) true 50 0.1 0.1 0.001 0.45
(1,1,0,1,0,1,1,1) (1,0,0,1) true 50 0.1 0.1 0.001 0.5
(1,1,0,1,0,1,1,1) (1,0,0,1) true 50 0.1 0.1 0.001 0.55
(1,1,0,1,0,1,1,1) (1,0,0,1) true 50 0.1 0.1 0.001 0.6
(1,1,0,1,0,1,1,1) (1,0,0,1) true 50 0.1 0.1 0.001 0.65
(1,1,0,1,0,1,1,1) (1,0,0,1) true 50 0.1 0.1 0.001 0.7
(1,1,0,1,0,1,1,1) (1,0,0,1) true 50 0.1 0.1 0.001 0.75
(1,1,0,1,0,1,1,1) (1,0,0,1) true 50 0.1 0.1 0.001 0.8
(1,1,0,1,0,1,1,1) (1,0,0,1) true 50 0.1 0.1 0.001 0.85
(1,1,0,1,0,1,1,1) (1,0,0,1) true 50 0.1 0.1 0.001 0.9
(1,1,0,1,0,1,1,1) (1,0,0,1) true 50 0.1 0.1 0.001 0.95
(1,1,0,1,0,1,1,1) (1,0,0,1) true 50 0.1 0.1 0.001 1.0
(1,1,0,1,0,1,1,1) (1,0,0,1) true 50 0.1 0.1 0.01 0.0
(1,1,0,1,0,1,1,1) (1,0,0,1) true 50 0.1 0.1 0.01 0.05
(1,1,0,1,0,1,1,1) (1,0,0,1) true 50 0.1 0.1 0.01 0.1
(1,1,0,1,0,1,1,1) (1,0,0,1) true 50 0.1 0.1 0.01 0.15
(1,1,0,1,0,1,1,1) (1,0,0,1) true 50 0.1 0.1 0.01 0.2
(1,1,0,1,0,1,1,1) (1,0,0,1) true 50 0.1 0.1 0.01 0.25
(1,1,0,1,0,1,1,1) (1,0,0,1) true 50 0.1 0.1 0.01 0.3
(1,1,0,1,0,1,1,1) (1,0,0,1) true 50 0.1 0.1 0.01 0.35
(1,1,0,1,0,1,1,1) (1,0,0,1) true 50 0.1 0.1 0.01 0.4
(1,1,0,1,0,1,1,1) (1,0,0,1) true 50 0.1 0.1 0.01 0.45
(1,1,0,1,0,1,1,1) (1,0,0,1) true 50 0.1 0.1 0.01 0.5
(1,1,0,1,0,1,1,1) (1,0,0,1) true 50 0.1 0.1 0.01 0.55
(1,1,0,1,0,1,1,1) (1,0,0,1) true 50 0.1 0.1 0.01 0.6
(1,1,0,1,0,1,1,1) (1,0,0,1) true 50 0.1 0.1 0.01 0.65
(1,1,0,1,0,1,1,1) (1,0,0,1) true 50 0.1 0.1 0.01 0.7
(1,1,0,1,0,1,1,1) (1,0,0,1) true 50 0.1 0.1 0.01 0.75
(1,1,0,1,0,1,1,1) (1,0,0,1) true 50 0.1 0.1 0.01 0.8
(1,1,0,1,0,1,1,1) (1,0,0,1) true 50 0.1 0.1 0.01 0.85
(1,1,0,1,0,1,1,1) (1,0,0,1) true 50 0.1 0.1 0.01 0.9
(1,1,0,1,0,1,1,1) (1,0,0,1) true 50 0.1 0.1 0.01 0.95
(1,1,0,1,0,1,1,1) (1,0,0,1) true 50 0.1 0.1 0.01 1.0
(1,1,0,1,0,1,1,1) (1,0,0,1) true 50 0.1 0.1 0.1 0.0
(1,1,0,1,0,1,1,1) (1,0,0,1) true 50 0.1 0.1 0.1 0.05
(1,1,0,1,0,1,1,1) (1,0,0,1) true 50 0.1 0.1 0.1 0.1
(1,1,0,1,0,1,1,1) (1,0,0,1) true 50 0.1 0.1 0.1 0.15
(1,1,0,1,0,1,1,1) (1,0,0,1) true 50 0.1 0.1 0.1 0.2
(1,1,0,1,0,1,1,1) (1,0,0,1) true 50 0.1 0.1 0.1 0.25
(1,1,0,1,0,1,1,1) (1,0,0,1) true 50 0.1 0.1 0.1 0.3
(1,1,0,1,0,1,1,1) (1,0,0,1) true 50 0.1 0.1 0.1 0.35
(1,1,0,1,0,1,1,1) (1,0,0,1) true 50 0.1 0.1 0.1 0.4
(1,1,0,1,0,1,1,1) (1,0,0,1) true 50 0.1 0.1 0.1 0.45
(1,1,0,1,0,1,1,1) (1,0,0,1) true 50 0.1 0.1 0.1 0.5
(1,1,0,1,0,1,1,1) (1,0,0,1) true 50 0.1 0.1 0.1 0.55
(1,1,0,1,0,1,1,1) (1,0,0,1) true 50 0.1 0.1 0.1 0.6
(1,1,0,1,0,1,1,1) (1,0,0,1) true 50 0.1 0.1 0.1 0.65
(1,1,0,1,0,1,1,1) (1,0,0,1) true 50 0.1 0.1 0.1 0.7
(1,1,0,1,0,1,1,1) (1,0,0,1) true 50 0.1 0.1 0.1 0.75
(1,1,0,1,0,1,1,1) (1,0,0,1) true 50 0.1 0.1 0.1 0.8
(1,1,0,1,0,1,1,1) (1,0,0,1) true 50 0.1 0.1 0.1 0.85
(1,1,0,1,0,1,1,1) (1,0,0,1) true 50 0.1 0.1 0.1 0.9
(1,1,0,1,0,1,1,1) (1,0,0,1) true 50 0.1 0.1 0.1 0.95
(1,1,0,1,0,1,1,1) (1,0,0,1) true 50 0.1 0.1 0.1 1.0
(1,1,0,1,0,1,1,1) (1,0,0,1) true 50 0.1 0.1 1 0.0
(1,1,0,1,0,1,1,1) (1,0,0,1) true 50 0.1 0.1 1 0.05
(1,1,0,1,0,1,1,1) (1,0,0,1) true 50 0.1 0.1 1 0.1
(1,1,0,1,0,1,1,1) (1,0,0,1) true 50 0.1 0.1 1 0.15
(1,1,0,1,0,1,1,1) (1,0,0,1) true 50 0.1 0.1 1 0.2
(1,1,0,1,0,1,1,1) (1,0,0,1) true 50 0.1 0.1 1 0.25
(1,1,0,1,0,1,1,1) (1,0,0,1) true 50 0.1 0.1 1 0.3
(1,1,0,1,0,1,1,1) (1,0,0,1) true 50 0.1 0.1 1 0.35
(1,1,0,1,0,1,1,1) (1,0,0,1) true 50 0.1 0.1 1 0.4
(1,1,0,1,0,1,1,1) (1,0,0,1) true 50 0.1 0.1 1 0.45
(1,1,0,1,0,1,1,1) (1,0,0,1) true 50 0.1 0.1 1 0.5
(1,1,0,1,0,1,1,1) (1,0,0,1) true 50 0.1 0.1 1 0.55
(1,1,0,1,0,1,1,1) (1,0,0,1) true 50 0.1 0.1 1 0.6
(1,1,0,1,0,1,1,1) (1,0,0,1) true 50 0.1 0.1 1 0.65
(1,1,0,1,0,1,1,1) (1,0,0,1) true 50 0.1 0.1 1 0.7
(1,1,0,1,0,1,1,1) (1,0,0,1) true 50 0.1 0.1 1 0.75
(1,1,0,1,0,1,1,1) (1,0,0,1) true 50 0.1 0.1 1 0.8
(1,1,0,1,0,1,1,1) (1,0,0,1) true 50 0.1 0.1 1 0.85
(1,1,0,1,0,1,1,1) (1,0,0,1) true 50 0.1 0.1 1 0.9
(1,1,0,1,0,1,1,1) (1,0,0,1) true 50 0.1 0.1 1 0.95
(1,1,0,1,0,1,1,1) (1,0,0,1) true 50 0.1 0.1 1 1.0
(1,1,0,1,0,1,1,1) (1,0,0,1) true 50 0.1 0.1 10 0.0
(1,1,0,1,0,1,1,1) (1,0,0,1) true 50 0.1 0.1 10 0.05
(1,1,0,1,0,1,1,1) (1,0,0,1) true 50 0.1 0.1 10 0.1
(1,1,0,1,0,1,1,1) (1,0,0,1) true 50 0.1 0.1 10 0.15
(1,1,0,1,0,1,1,1) (1,0,0,1) true 50 0.1 0.1 10 0.2
(1,1,0,1,0,1,1,1) (1,0,0,1) true 50 0.1 0.1 10 0.25
(1,1,0,1,0,1,1,1) (1,0,0,1) true 50 0.1 0.1 10 0.3
(1,1,0,1,0,1,1,1) (1,0,0,1) true 50 0.1 0.1 10 0.35
(1,1,0,1,0,1,1,1) (1,0,0,1) true 50 0.1 0.1 10 0.4
(1,1,0,1,0,1,1,1) (1,0,0,1) true 50 0.1 0.1 10 0.45
(1,1,0,1,0,1,1,1) (1,0,0,1) true 50 0.1 0.1 10 0.5
(1,1,0,1,0,1,1,1) (1,0,0,1) true 50 0.1 0.1 10 0.55
(1,1,0,1,0,1,1,1) (1,0,0,1) true 50 0.1 0.1 10 0.6
(1,1,0,1,0,1,1,1) (1,0,0,1) true 50 0.1 0.1 10 0.65
(1,1,0,1,0,1,1,1) (1,0,0,1) true 50 0.1 0.1 10 0.7
(1,1,0,1,0,1,1,1) (1,0,0,1) true 50 0.1 0.1 10 0.75
(1,1,0,1,0,1,1,1) (1,0,0,1) true 50 0.1 0.1 10 0.8
(1,1,0,1,0,1,1,1) (1,0,0,1) true 50 0.1 0.1 10 0.85
(1,1,0,1,0,1,1,1) (1,0,0,1) true 50 0.1 0.1 10 0.9
(1,1,0,1,0,1,1,1) (1,0,0,1) true 50 0.1 0.1 10 0.95
(1,1,0,1,0,1,1,1) (1,0,0,1) true 50 0.1 0.1 10 1.0
