#---- SPACE ----#
(0,0,0,1,0,1,1,1) (0,0,1,1) true 50 0.1 0.001 0.001 0.001 0.0
(0,0,0,1,0,1,1,1) (0,0,1,1) true 50 0.1 0.001 0.001 0.001 0.1
(0,0,0,1,0,1,1,1) (0,0,1,1) true 50 0.1 0.001 0.001 0.001 0.2
(0,0,0,1,0,1,1,1) (0,0,1,1) true 50 0.1 0.001 0.001 0.001 0.3
(0,0,0,1,0,1,1,1) (0,0,1,1) true 50 0.1 0.001 0.001 0.001 0.4
(0,0,0,1,0,1,1,1) (0,0,1,1) true 50 0.1 0.001 0.001 0.001 0.5
(0,0,0,1,0,1,1,1) (0,0,1,1) true 50 0.1 0.001 0.001 0.001 0.6
(0,0,0,1,0,1,1,1) (0,0,1,1) true 50 0.1 0.001 0.001 0.001 0.7
(0,0,0,1,0,1,1,1) (0,0,1,1) true 50 0.1 0.001 0.001 0.001 0.8
(0,0,0,1,0,1,1,1) (0,0,1,1) true 50 0.1 0.001 0.001 0.001 0.9
(0,0,0,1,0,1,1,1) (0,0,1,1) true 50 0.1 0.001 0.001 0.001 1.0
#---- SPACE ----#
(0,0,0,1,0,1,1,1) (0,0,1,1) true 50 0.1 0.001 0.001 0.01 0.0
(0,0,0,1,0,1,1,1) (0,0,1,1) true 50 0.1 0.001 0.001 0.01 0.1
(0,0,0,1,0,1,1,1) (0,0,1,1) true 50 0.1 0.001 0.001 0.01 0.2
(0,0,0,1,0,1,1,1) (0,0,1,1) true 50 0.1 0.001 0.001 0.01 0.3
(0,0,0,1,0,1,1,1) (0,0,1,1) true 50 0.1 0.001 0.001 0.01 0.4
(0,0,0,1,0,1,1,1) (0,0,1,1) true 50 0.1 0.001 0.001 0.01 0.5
(0,0,0,1,0,1,1,1) (0,0,1,1) true 50 0.1 0.001 0.001 0.01 0.6
(0,0,0,1,0,1,1,1) (0,0,1,1) true 50 0.1 0.001 0.001 0.01 0.7
(0,0,0,1,0,1,1,1) (0,0,1,1) true 50 0.1 0.001 0.001 0.01 0.8
(0,0,0,1,0,1,1,1) (0,0,1,1) true 50 0.1 0.001 0.001 0.01 0.9
(0,0,0,1,0,1,1,1) (0,0,1,1) true 50 0.1 0.001 0.001 0.01 1.0
#---- SPACE ----#
(0,0,0,1,0,1,1,1) (0,0,1,1) true 50 0.1 0.001 0.001 0.1 0.0
(0,0,0,1,0,1,1,1) (0,0,1,1) true 50 0.1 0.001 0.001 0.1 0.1
(0,0,0,1,0,1,1,1) (0,0,1,1) true 50 0.1 0.001 0.001 0.1 0.2
(0,0,0,1,0,1,1,1) (0,0,1,1) true 50 0.1 0.001 0.001 0.1 0.3
(0,0,0,1,0,1,1,1) (0,0,1,1) true 50 0.1 0.001 0.001 0.1 0.4
(0,0,0,1,0,1,1,1) (0,0,1,1) true 50 0.1 0.001 0.001 0.1 0.5
(0,0,0,1,0,1,1,1) (0,0,1,1) true 50 0.1 0.001 0.001 0.1 0.6
(0,0,0,1,0,1,1,1) (0,0,1,1) true 50 0.1 0.001 0.001 0.1 0.7
(0,0,0,1,0,1,1,1) (0,0,1,1) true 50 0.1 0.001 0.001 0.1 0.8
(0,0,0,1,0,1,1,1) (0,0,1,1) true 50 0.1 0.001 0.001 0.1 0.9
(0,0,0,1,0,1,1,1) (0,0,1,1) true 50 0.1 0.001 0.001 0.1 1.0
#---- SPACE ----#
(0,0,0,1,0,1,1,1) (0,0,1,1) true 50 0.1 0.001 0.001 1 0.0
(0,0,0,1,0,1,1,1) (0,0,1,1) true 50 0.1 0.001 0.001 1 0.1
(0,0,0,1,0,1,1,1) (0,0,1,1) true 50 0.1 0.001 0.001 1 0.2
(0,0,0,1,0,1,1,1) (0,0,1,1) true 50 0.1 0.001 0.001 1 0.3
(0,0,0,1,0,1,1,1) (0,0,1,1) true 50 0.1 0.001 0.001 1 0.4
(0,0,0,1,0,1,1,1) (0,0,1,1) true 50 0.1 0.001 0.001 1 0.5
(0,0,0,1,0,1,1,1) (0,0,1,1) true 50 0.1 0.001 0.001 1 0.6
(0,0,0,1,0,1,1,1) (0,0,1,1) true 50 0.1 0.001 0.001 1 0.7
(0,0,0,1,0,1,1,1) (0,0,1,1) true 50 0.1 0.001 0.001 1 0.8
(0,0,0,1,0,1,1,1) (0,0,1,1) true 50 0.1 0.001 0.001 1 0.9
(0,0,0,1,0,1,1,1) (0,0,1,1) true 50 0.1 0.001 0.001 1 1.0
#---- SPACE ----#
(0,0,0,1,0,1,1,1) (0,0,1,1) true 50 0.1 0.001 0.001 10 0.0
(0,0,0,1,0,1,1,1) (0,0,1,1) true 50 0.1 0.001 0.001 10 0.1
(0,0,0,1,0,1,1,1) (0,0,1,1) true 50 0.1 0.001 0.001 10 0.2
(0,0,0,1,0,1,1,1) (0,0,1,1) true 50 0.1 0.001 0.001 10 0.3
(0,0,0,1,0,1,1,1) (0,0,1,1) true 50 0.1 0.001 0.001 10 0.4
(0,0,0,1,0,1,1,1) (0,0,1,1) true 50 0.1 0.001 0.001 10 0.5
(0,0,0,1,0,1,1,1) (0,0,1,1) true 50 0.1 0.001 0.001 10 0.6
(0,0,0,1,0,1,1,1) (0,0,1,1) true 50 0.1 0.001 0.001 10 0.7
(0,0,0,1,0,1,1,1) (0,0,1,1) true 50 0.1 0.001 0.001 10 0.8
(0,0,0,1,0,1,1,1) (0,0,1,1) true 50 0.1 0.001 0.001 10 0.9
(0,0,0,1,0,1,1,1) (0,0,1,1) true 50 0.1 0.001 0.001 10 1.0
#---- SPACE ----#
(0,0,0,0,1,1,1,1) (0,0,1,1) true 50 0.1 0.001 0.001 0.001 0.0
(0,0,0,0,1,1,1,1) (0,0,1,1) true 50 0.1 0.001 0.001 0.001 0.1
(0,0,0,0,1,1,1,1) (0,0,1,1) true 50 0.1 0.001 0.001 0.001 0.2
(0,0,0,0,1,1,1,1) (0,0,1,1) true 50 0.1 0.001 0.001 0.001 0.3
(0,0,0,0,1,1,1,1) (0,0,1,1) true 50 0.1 0.001 0.001 0.001 0.4
(0,0,0,0,1,1,1,1) (0,0,1,1) true 50 0.1 0.001 0.001 0.001 0.5
(0,0,0,0,1,1,1,1) (0,0,1,1) true 50 0.1 0.001 0.001 0.001 0.6
(0,0,0,0,1,1,1,1) (0,0,1,1) true 50 0.1 0.001 0.001 0.001 0.7
(0,0,0,0,1,1,1,1) (0,0,1,1) true 50 0.1 0.001 0.001 0.001 0.8
(0,0,0,0,1,1,1,1) (0,0,1,1) true 50 0.1 0.001 0.001 0.001 0.9
(0,0,0,0,1,1,1,1) (0,0,1,1) true 50 0.1 0.001 0.001 0.001 1.0
#---- SPACE ----#
(0,0,0,0,1,1,1,1) (0,0,1,1) true 50 0.1 0.001 0.001 0.01 0.0
(0,0,0,0,1,1,1,1) (0,0,1,1) true 50 0.1 0.001 0.001 0.01 0.1
(0,0,0,0,1,1,1,1) (0,0,1,1) true 50 0.1 0.001 0.001 0.01 0.2
(0,0,0,0,1,1,1,1) (0,0,1,1) true 50 0.1 0.001 0.001 0.01 0.3
(0,0,0,0,1,1,1,1) (0,0,1,1) true 50 0.1 0.001 0.001 0.01 0.4
(0,0,0,0,1,1,1,1) (0,0,1,1) true 50 0.1 0.001 0.001 0.01 0.5
(0,0,0,0,1,1,1,1) (0,0,1,1) true 50 0.1 0.001 0.001 0.01 0.6
(0,0,0,0,1,1,1,1) (0,0,1,1) true 50 0.1 0.001 0.001 0.01 0.7
(0,0,0,0,1,1,1,1) (0,0,1,1) true 50 0.1 0.001 0.001 0.01 0.8
(0,0,0,0,1,1,1,1) (0,0,1,1) true 50 0.1 0.001 0.001 0.01 0.9
(0,0,0,0,1,1,1,1) (0,0,1,1) true 50 0.1 0.001 0.001 0.01 1.0
#---- SPACE ----#
(0,0,0,0,1,1,1,1) (0,0,1,1) true 50 0.1 0.001 0.001 0.1 0.0
(0,0,0,0,1,1,1,1) (0,0,1,1) true 50 0.1 0.001 0.001 0.1 0.1
(0,0,0,0,1,1,1,1) (0,0,1,1) true 50 0.1 0.001 0.001 0.1 0.2
(0,0,0,0,1,1,1,1) (0,0,1,1) true 50 0.1 0.001 0.001 0.1 0.3
(0,0,0,0,1,1,1,1) (0,0,1,1) true 50 0.1 0.001 0.001 0.1 0.4
(0,0,0,0,1,1,1,1) (0,0,1,1) true 50 0.1 0.001 0.001 0.1 0.5
(0,0,0,0,1,1,1,1) (0,0,1,1) true 50 0.1 0.001 0.001 0.1 0.6
(0,0,0,0,1,1,1,1) (0,0,1,1) true 50 0.1 0.001 0.001 0.1 0.7
(0,0,0,0,1,1,1,1) (0,0,1,1) true 50 0.1 0.001 0.001 0.1 0.8
(0,0,0,0,1,1,1,1) (0,0,1,1) true 50 0.1 0.001 0.001 0.1 0.9
(0,0,0,0,1,1,1,1) (0,0,1,1) true 50 0.1 0.001 0.001 0.1 1.0
#---- SPACE ----#
(0,0,0,0,1,1,1,1) (0,0,1,1) true 50 0.1 0.001 0.001 1 0.0
(0,0,0,0,1,1,1,1) (0,0,1,1) true 50 0.1 0.001 0.001 1 0.1
(0,0,0,0,1,1,1,1) (0,0,1,1) true 50 0.1 0.001 0.001 1 0.2
(0,0,0,0,1,1,1,1) (0,0,1,1) true 50 0.1 0.001 0.001 1 0.3
(0,0,0,0,1,1,1,1) (0,0,1,1) true 50 0.1 0.001 0.001 1 0.4
(0,0,0,0,1,1,1,1) (0,0,1,1) true 50 0.1 0.001 0.001 1 0.5
(0,0,0,0,1,1,1,1) (0,0,1,1) true 50 0.1 0.001 0.001 1 0.6
(0,0,0,0,1,1,1,1) (0,0,1,1) true 50 0.1 0.001 0.001 1 0.7
(0,0,0,0,1,1,1,1) (0,0,1,1) true 50 0.1 0.001 0.001 1 0.8
(0,0,0,0,1,1,1,1) (0,0,1,1) true 50 0.1 0.001 0.001 1 0.9
(0,0,0,0,1,1,1,1) (0,0,1,1) true 50 0.1 0.001 0.001 1 1.0
#---- SPACE ----#
(0,0,0,0,1,1,1,1) (0,0,1,1) true 50 0.1 0.001 0.001 10 0.0
(0,0,0,0,1,1,1,1) (0,0,1,1) true 50 0.1 0.001 0.001 10 0.1
(0,0,0,0,1,1,1,1) (0,0,1,1) true 50 0.1 0.001 0.001 10 0.2
(0,0,0,0,1,1,1,1) (0,0,1,1) true 50 0.1 0.001 0.001 10 0.3
(0,0,0,0,1,1,1,1) (0,0,1,1) true 50 0.1 0.001 0.001 10 0.4
(0,0,0,0,1,1,1,1) (0,0,1,1) true 50 0.1 0.001 0.001 10 0.5
(0,0,0,0,1,1,1,1) (0,0,1,1) true 50 0.1 0.001 0.001 10 0.6
(0,0,0,0,1,1,1,1) (0,0,1,1) true 50 0.1 0.001 0.001 10 0.7
(0,0,0,0,1,1,1,1) (0,0,1,1) true 50 0.1 0.001 0.001 10 0.8
(0,0,0,0,1,1,1,1) (0,0,1,1) true 50 0.1 0.001 0.001 10 0.9
(0,0,0,0,1,1,1,1) (0,0,1,1) true 50 0.1 0.001 0.001 10 1.0