(0,0,1,1,0,1,1,1) (0,0,1,1) true 50 0.1 0.1 0.1 0.1 0.0 5 1 0.4
(0,0,1,1,0,1,1,1) (0,0,1,1) true 50 0.1 0.1 0.1 0.1 0.2 5 1 0.4
(0,0,1,1,0,1,1,1) (0,0,1,1) true 50 0.1 0.1 0.1 0.1 0.4 5 1 0.4
(0,0,1,1,0,1,1,1) (0,0,1,1) true 50 0.1 0.1 0.1 0.1 0.6 5 1 0.4
(0,0,1,1,0,1,1,1) (0,0,1,1) true 50 0.1 0.1 0.1 0.1 0.8 5 1 0.4
(0,0,1,1,0,1,1,1) (0,0,1,1) true 50 0.1 0.1 0.1 0.1 1.0 5 1 0.4
(0,0,1,1,0,0,1,1) (0,0,1,1) true 50 0.1 0.1 0.1 0.1 0.0 5 1 0.4
(0,0,1,1,0,0,1,1) (0,0,1,1) true 50 0.1 0.1 0.1 0.1 0.2 5 1 0.4
(0,0,1,1,0,0,1,1) (0,0,1,1) true 50 0.1 0.1 0.1 0.1 0.4 5 1 0.4
(0,0,1,1,0,0,1,1) (0,0,1,1) true 50 0.1 0.1 0.1 0.1 0.6 5 1 0.4
(0,0,1,1,0,0,1,1) (0,0,1,1) true 50 0.1 0.1 0.1 0.1 0.8 5 1 0.4
(0,0,1,1,0,0,1,1) (0,0,1,1) true 50 0.1 0.1 0.1 0.1 1.0 5 1 0.4