(0,0,0,0,0,1,1,1) (0,0,0,1) true 50 0.1 0 0.001 0 0.0
(0,0,0,0,0,1,1,1) (0,0,0,1) true 50 0.1 0 0.001 0 0.2
(0,0,0,0,0,1,1,1) (0,0,0,1) true 50 0.1 0 0.001 0 0.4
(0,0,0,0,0,1,1,1) (0,0,0,1) true 50 0.1 0 0.001 0 0.6
(0,0,0,0,0,1,1,1) (0,0,0,1) true 50 0.1 0 0.001 0 0.8
(0,0,0,0,0,1,1,1) (0,0,0,1) true 50 0.1 0 0.001 0 1.0
#---- SPACE ----#
(0,0,0,0,0,1,1,1) (0,0,0,1) true 50 0.1 0 0.01 0 0.0
(0,0,0,0,0,1,1,1) (0,0,0,1) true 50 0.1 0 0.01 0 0.2
(0,0,0,0,0,1,1,1) (0,0,0,1) true 50 0.1 0 0.01 0 0.4
(0,0,0,0,0,1,1,1) (0,0,0,1) true 50 0.1 0 0.01 0 0.6
(0,0,0,0,0,1,1,1) (0,0,0,1) true 50 0.1 0 0.01 0 0.8
(0,0,0,0,0,1,1,1) (0,0,0,1) true 50 0.1 0 0.01 0 1.0
#---- SPACE ----#
(0,0,0,0,0,1,1,1) (0,0,0,1) true 50 0.1 0 0.1 0 0.0
(0,0,0,0,0,1,1,1) (0,0,0,1) true 50 0.1 0 0.1 0 0.2
(0,0,0,0,0,1,1,1) (0,0,0,1) true 50 0.1 0 0.1 0 0.4
(0,0,0,0,0,1,1,1) (0,0,0,1) true 50 0.1 0 0.1 0 0.6
(0,0,0,0,0,1,1,1) (0,0,0,1) true 50 0.1 0 0.1 0 0.8
(0,0,0,0,0,1,1,1) (0,0,0,1) true 50 0.1 0 0.1 0 1.0
#---- SPACE ----#
(0,0,0,0,0,1,1,1) (0,0,0,1) true 50 0.1 0 1 0 0.0
(0,0,0,0,0,1,1,1) (0,0,0,1) true 50 0.1 0 1 0 0.2
(0,0,0,0,0,1,1,1) (0,0,0,1) true 50 0.1 0 1 0 0.4
(0,0,0,0,0,1,1,1) (0,0,0,1) true 50 0.1 0 1 0 0.6
(0,0,0,0,0,1,1,1) (0,0,0,1) true 50 0.1 0 1 0 0.8
(0,0,0,0,0,1,1,1) (0,0,0,1) true 50 0.1 0 1 0 1.0
#---- SPACE ----#
(0,0,0,0,0,1,1,1) (0,0,0,1) true 50 0.1 0 10 0 0.0
(0,0,0,0,0,1,1,1) (0,0,0,1) true 50 0.1 0 10 0 0.2
(0,0,0,0,0,1,1,1) (0,0,0,1) true 50 0.1 0 10 0 0.4
(0,0,0,0,0,1,1,1) (0,0,0,1) true 50 0.1 0 10 0 0.6
(0,0,0,0,0,1,1,1) (0,0,0,1) true 50 0.1 0 10 0 0.8
(0,0,0,0,0,1,1,1) (0,0,0,1) true 50 0.1 0 10 0 1.0
#---- SPACE ----#
(0,0,0,0,0,0,1,1) (0,0,0,1) true 50 0.1 0 0.001 0 0.0
(0,0,0,0,0,0,1,1) (0,0,0,1) true 50 0.1 0 0.001 0 0.2
(0,0,0,0,0,0,1,1) (0,0,0,1) true 50 0.1 0 0.001 0 0.4
(0,0,0,0,0,0,1,1) (0,0,0,1) true 50 0.1 0 0.001 0 0.6
(0,0,0,0,0,0,1,1) (0,0,0,1) true 50 0.1 0 0.001 0 0.8
(0,0,0,0,0,0,1,1) (0,0,0,1) true 50 0.1 0 0.001 0 1.0
#---- SPACE ----#
(0,0,0,0,0,0,1,1) (0,0,0,1) true 50 0.1 0 0.01 0 0.0
(0,0,0,0,0,0,1,1) (0,0,0,1) true 50 0.1 0 0.01 0 0.2
(0,0,0,0,0,0,1,1) (0,0,0,1) true 50 0.1 0 0.01 0 0.4
(0,0,0,0,0,0,1,1) (0,0,0,1) true 50 0.1 0 0.01 0 0.6
(0,0,0,0,0,0,1,1) (0,0,0,1) true 50 0.1 0 0.01 0 0.8
(0,0,0,0,0,0,1,1) (0,0,0,1) true 50 0.1 0 0.01 0 1.0
#---- SPACE ----#
(0,0,0,0,0,0,1,1) (0,0,0,1) true 50 0.1 0 0.1 0 0.0
(0,0,0,0,0,0,1,1) (0,0,0,1) true 50 0.1 0 0.1 0 0.2
(0,0,0,0,0,0,1,1) (0,0,0,1) true 50 0.1 0 0.1 0 0.4
(0,0,0,0,0,0,1,1) (0,0,0,1) true 50 0.1 0 0.1 0 0.6
(0,0,0,0,0,0,1,1) (0,0,0,1) true 50 0.1 0 0.1 0 0.8
(0,0,0,0,0,0,1,1) (0,0,0,1) true 50 0.1 0 0.1 0 1.0
#---- SPACE ----#
(0,0,0,0,0,0,1,1) (0,0,0,1) true 50 0.1 0 1 0 0.0
(0,0,0,0,0,0,1,1) (0,0,0,1) true 50 0.1 0 1 0 0.2
(0,0,0,0,0,0,1,1) (0,0,0,1) true 50 0.1 0 1 0 0.4
(0,0,0,0,0,0,1,1) (0,0,0,1) true 50 0.1 0 1 0 0.6
(0,0,0,0,0,0,1,1) (0,0,0,1) true 50 0.1 0 1 0 0.8
(0,0,0,0,0,0,1,1) (0,0,0,1) true 50 0.1 0 1 0 1.0
#---- SPACE ----#
(0,0,0,0,0,0,1,1) (0,0,0,1) true 50 0.1 0 10 0 0.0
(0,0,0,0,0,0,1,1) (0,0,0,1) true 50 0.1 0 10 0 0.2
(0,0,0,0,0,0,1,1) (0,0,0,1) true 50 0.1 0 10 0 0.4
(0,0,0,0,0,0,1,1) (0,0,0,1) true 50 0.1 0 10 0 0.6
(0,0,0,0,0,0,1,1) (0,0,0,1) true 50 0.1 0 10 0 0.8
(0,0,0,0,0,0,1,1) (0,0,0,1) true 50 0.1 0 10 0 1.0