(1,1,0,0,0,1,1,1) (1,0,1,1) true 50 0.1 0 0.001 0 0.0
(1,1,0,0,0,1,1,1) (1,0,1,1) true 50 0.1 0 0.001 0 0.2
(1,1,0,0,0,1,1,1) (1,0,1,1) true 50 0.1 0 0.001 0 0.4
(1,1,0,0,0,1,1,1) (1,0,1,1) true 50 0.1 0 0.001 0 0.6
(1,1,0,0,0,1,1,1) (1,0,1,1) true 50 0.1 0 0.001 0 0.8
(1,1,0,0,0,1,1,1) (1,0,1,1) true 50 0.1 0 0.001 0 1.0
#---- SPACE ----#
(1,1,0,0,0,1,1,1) (1,0,1,1) true 50 0.1 0 0.01 0 0.0
(1,1,0,0,0,1,1,1) (1,0,1,1) true 50 0.1 0 0.01 0 0.2
(1,1,0,0,0,1,1,1) (1,0,1,1) true 50 0.1 0 0.01 0 0.4
(1,1,0,0,0,1,1,1) (1,0,1,1) true 50 0.1 0 0.01 0 0.6
(1,1,0,0,0,1,1,1) (1,0,1,1) true 50 0.1 0 0.01 0 0.8
(1,1,0,0,0,1,1,1) (1,0,1,1) true 50 0.1 0 0.01 0 1.0
#---- SPACE ----#
(1,1,0,0,0,1,1,1) (1,0,1,1) true 50 0.1 0 0.1 0 0.0
(1,1,0,0,0,1,1,1) (1,0,1,1) true 50 0.1 0 0.1 0 0.2
(1,1,0,0,0,1,1,1) (1,0,1,1) true 50 0.1 0 0.1 0 0.4
(1,1,0,0,0,1,1,1) (1,0,1,1) true 50 0.1 0 0.1 0 0.6
(1,1,0,0,0,1,1,1) (1,0,1,1) true 50 0.1 0 0.1 0 0.8
(1,1,0,0,0,1,1,1) (1,0,1,1) true 50 0.1 0 0.1 0 1.0
#---- SPACE ----#
(1,1,0,0,0,1,1,1) (1,0,1,1) true 50 0.1 0 1 0 0.0
(1,1,0,0,0,1,1,1) (1,0,1,1) true 50 0.1 0 1 0 0.2
(1,1,0,0,0,1,1,1) (1,0,1,1) true 50 0.1 0 1 0 0.4
(1,1,0,0,0,1,1,1) (1,0,1,1) true 50 0.1 0 1 0 0.6
(1,1,0,0,0,1,1,1) (1,0,1,1) true 50 0.1 0 1 0 0.8
(1,1,0,0,0,1,1,1) (1,0,1,1) true 50 0.1 0 1 0 1.0
#---- SPACE ----#
(1,1,0,0,0,1,1,1) (1,0,1,1) true 50 0.1 0 10 0 0.0
(1,1,0,0,0,1,1,1) (1,0,1,1) true 50 0.1 0 10 0 0.2
(1,1,0,0,0,1,1,1) (1,0,1,1) true 50 0.1 0 10 0 0.4
(1,1,0,0,0,1,1,1) (1,0,1,1) true 50 0.1 0 10 0 0.6
(1,1,0,0,0,1,1,1) (1,0,1,1) true 50 0.1 0 10 0 0.8
(1,1,0,0,0,1,1,1) (1,0,1,1) true 50 0.1 0 10 0 1.0
