(0,0,1,1,0,1,1,1)	(0,0,1,1)	40	500	0.1	0.0	0.1	0.1	1.0	5	1	1.0	21.176	0.0	1.0	0.0	1.0	0.0	0.0	0.0	1.0	101
(0,0,1,1,0,1,1,1)	(0,0,1,1)	40	500	0.1	0.0	0.1	0.1	1.0	5	1	0.9	0.782	0.4	0.6	1.0	0.0	0.0	0.0	0.0	1.0	100
(0,0,1,1,0,1,1,1)	(0,0,1,1)	40	500	0.1	0.0	0.1	0.1	1.0	5	1	1.0	14.419	0.35	0.65	1.0	0.0	0.0	0.0	0.0	1.0	100
(0,0,1,1,0,1,1,1)	(0,0,1,1)	40	500	0.1	0.0	0.1	0.1	1.0	5	1	1.0	0.527	0.3	0.7	1.0	0.0	0.0	0.0	0.0	1.0	100
(0,0,1,1,0,1,1,1)	(0,0,1,1)	40	500	0.1	0.0	0.1	0.1	1.0	5	1	0.9	0.42	1.0	0.0	1.0	0.0	0.0	0.0	1.0	0.0	000
(0,0,1,1,0,1,1,1)	(0,0,1,1)	40	500	0.1	0.0	0.1	0.1	1.0	5	1	0.9	1.039	1.0	0.0	1.0	0.0	0.0	0.0	1.0	0.0	000
(0,0,1,1,0,1,1,1)	(0,0,1,1)	40	500	0.1	0.0	0.1	0.1	1.0	5	1	1.0	10.867	0.325	0.675	1.0	0.0	0.0	0.0	0.0	1.0	100
(0,0,1,1,0,1,1,1)	(0,0,1,1)	40	500	0.1	0.0	0.1	0.1	1.0	5	1	1.0	0.63	0.3	0.7	1.0	0.0	0.0	0.0	0.0	1.0	100
(0,0,1,1,0,1,1,1)	(0,0,1,1)	40	500	0.1	0.0	0.1	0.1	1.0	5	1	0.9	0.883	0.325	0.675	1.0	0.0	0.0	0.0	0.0	1.0	100
(0,0,1,1,0,1,1,1)	(0,0,1,1)	40	500	0.1	0.0	0.1	0.1	1.0	5	1	0.9	0.6	0.35	0.65	1.0	0.0	0.0	0.0	0.0	1.0	100
(0,0,1,1,0,1,1,1)	(0,0,1,1)	40	500	0.025	0.0	0.1	0.1	5	1	1.0	49.759	0.6	0.4	0.0	1.0	0.0	0.0	1.0	0.0	001
(0,0,1,1,0,1,1,1)	(0,0,1,1)	40	500	0.025	0.0	0.1	0.1	5	1	1.0	4.904	0.95	0.05	1.0	0.0	0.0	0.0	0.0	1.0	100
(0,0,1,1,0,1,1,1)	(0,0,1,1)	40	500	0.025	0.0	0.1	0.1	5	1	1.0	0.388	0.975	0.025	1.0	0.0	0.0	0.0	1.0	0.0	000
(0,0,1,1,0,1,1,1)	(0,0,1,1)	40	500	0.025	0.0	0.1	0.1	5	1	1.0	0.453	1.0	0.0	1.0	0.0	0.0	0.0	0.0	1.0	100
(0,0,1,1,0,1,1,1)	(0,0,1,1)	40	500	0.025	0.0	0.1	0.1	5	1	1.0	0.299	1.0	0.0	1.0	0.0	0.0	0.0	0.0	1.0	100
(0,0,1,1,0,1,1,1)	(0,0,1,1)	40	500	1.0	0.0	0.1	0.1	5	1	1.0	9.9	0.975	0.025	0.825	0.15	0.0	0.025	0.825	0.175	000
(0,0,1,1,0,1,1,1)	(0,0,1,1)	40	500	1.0	0.0	0.1	0.1	5	1	1.0	19.709	0.45	0.55	0.35	0.55	0.075	0.025	0.45	0.55	101
(0,0,1,1,0,1,1,1)	(0,0,1,1)	40	500	1.0	0.0	0.1	0.1	5	1	1.0	5.473	0.85	0.15	0.45	0.45	0.0	0.1	0.55	0.45	000
(0,0,1,1,0,1,1,1)	(0,0,1,1)	40	500	1.0	0.0	0.1	0.1	5	1	1.0	10.246	0.3	0.7	0.925	0.0	0.075	0.0	0.075	0.925	100
(0,0,1,1,0,1,1,1)	(0,0,1,1)	40	500	1.0	0.0	0.1	0.1	5	1	1.0	7.632	1.0	0.0	0.95	0.05	0.0	0.0	0.95	0.05	000
(0,0,1,1,0,1,1,1)	(0,0,1,1)	40	5000	1.0	0.0	0.1	0.1	5	1	1.0	10.344	0.925	0.075	0.8	0.125	0.0	0.075	0.175	0.825	100
(0,0,1,1,0,1,1,1)	(0,0,1,1)	40	5000	1.0	0.0	0.1	0.1	5	1	1.0	10.276	0.9	0.1	0.95	0.05	0.0	0.0	0.05	0.95	100
(0,0,1,1,0,1,1,1)	(0,0,1,1)	40	5000	1.0	0.0	0.1	0.1	5	1	1.0	11.764	0.95	0.05	0.95	0.0	0.025	0.025	0.95	0.05	000
(0,0,1,1,0,1,1,1)	(0,0,1,1)	40	5000	1.0	0.0	0.1	0.1	5	1	1.0	9.312	0.85	0.15	0.925	0.05	0.025	0.0	0.075	0.925	100
(0,0,1,1,0,1,1,1)	(0,0,1,1)	40	5000	1.0	0.0	0.1	0.1	5	1	1.0	11.927	1.0	0.0	0.9	0.1	0.0	0.0	0.1	0.9	100
(0,0,1,1,0,1,1,1)	(0,0,1,1)	50	5000	0.1	0.0	0.1	0.1	5	1	1.0	15.238	1.0	0.0	1.0	0.0	0.0	0.0	0.0	1.0	100
(0,0,1,1,0,1,1,1)	(0,0,1,1)	50	5000	0.1	0.0	0.1	0.1	5	1	1.0	5.546	1.0	0.0	1.0	0.0	0.0	0.0	0.0	1.0	100
(0,0,1,1,0,1,1,1)	(0,0,1,1)	50	5000	0.1	0.0	0.1	0.1	5	1	1.0	8.934	1.0	0.0	1.0	0.0	0.0	0.0	0.0	1.0	100
(0,0,1,1,0,1,1,1)	(0,0,1,1)	50	5000	0.1	0.0	0.1	0.1	5	1	1.0	0.642	0.96	0.04	0.46	0.52	0.0	0.02	0.02	0.98	101
(0,0,1,1,0,1,1,1)	(0,0,1,1)	50	5000	0.1	0.0	0.1	0.1	5	1	1.0	5.382	1.0	0.0	0.92	0.08	0.0	0.0	0.08	0.92	100
(0,0,1,1,0,1,1,1)	(0,0,1,1)	50	5000	0.1	0.0	0.1	0.1	5	1	1.0	2.471	1.0	0.0	1.0	0.0	0.0	0.0	0.0	1.0	100
(0,0,1,1,0,1,1,1)	(0,0,1,1)	50	5000	0.1	0.0	0.1	0.1	5	1	1.0	5.93	0.98	0.02	1.0	0.0	0.0	0.0	0.0	1.0	100
(0,0,1,1,0,1,1,1)	(0,0,1,1)	50	5000	0.1	0.0	0.1	0.1	5	1	1.0	0.794	1.0	0.0	1.0	0.0	0.0	0.0	0.0	1.0	100
(0,0,1,1,0,1,1,1)	(0,0,1,1)	50	5000	0.1	0.0	0.1	0.1	5	1	1.0	5.392	0.98	0.02	1.0	0.0	0.0	0.0	1.0	0.0	000
(0,0,1,1,0,1,1,1)	(0,0,1,1)	50	5000	0.1	0.0	0.1	0.1	5	1	1.0	30.706	0.96	0.04	0.96	0.0	0.0	0.04	0.04	0.96	100
(0,0,1,1,0,1,1,1)	(0,0,1,1)	50	5000	0.1	0.0	0.1	0.1	5	1	1.0	8.936	0.36	0.64	0.04	0.6	0.36	0.0	0.36	0.64	101
(0,0,1,1,0,1,1,1)	(0,0,1,1)	50	5000	0.1	0.0	0.1	0.1	5	1	1.0	4.988	0.96	0.04	1.0	0.0	0.0	0.0	0.0	1.0	100
(0,0,1,1,0,1,1,1)	(0,0,1,1)	50	5000	0.1	0.0	0.1	0.1	5	1	1.0	16.209	0.96	0.04	1.0	0.0	0.0	0.0	0.0	1.0	100
(0,0,1,1,0,1,1,1)	(0,0,1,1)	50	5000	0.1	0.0	0.1	0.1	5	1	1.0	11.725	1.0	0.0	0.94	0.06	0.0	0.0	0.94	0.06	000
(0,0,1,1,0,1,1,1)	(0,0,1,1)	50	5000	0.1	0.0	0.1	0.1	5	1	1.0	19.924	0.98	0.02	0.72	0.28	0.0	0.0	0.72	0.28	000
(0,0,1,1,0,1,1,1)	(0,0,1,1)	50	5000	0.1	0.0	0.1	0.1	5	1	1.0	38.235	0.96	0.04	1.0	0.0	0.0	0.0	0.0	1.0	100
(0,0,1,1,0,1,1,1)	(0,0,1,1)	50	5000	0.1	0.0	0.1	0.1	5	1	1.0	0.671	0.94	0.06	1.0	0.0	0.0	0.0	0.0	1.0	100
(0,0,1,1,0,1,1,1)	(0,0,1,1)	50	5000	0.1	0.0	0.1	0.1	5	1	1.0	5.175	1.0	0.0	1.0	0.0	0.0	0.0	1.0	0.0	000
(0,0,1,1,0,1,1,1)	(0,0,1,1)	50	5000	0.1	0.0	0.1	0.1	5	1	1.0	13.024	1.0	0.0	1.0	0.0	0.0	0.0	1.0	0.0	000
(0,0,1,1,0,1,1,1)	(0,0,1,1)	50	5000	0.1	0.0	0.1	0.1	5	1	1.0	0.662	0.98	0.02	1.0	0.0	0.0	0.0	0.0	1.0	100
(0,0,1,1,0,1,1,1)	(0,0,1,1)	50	5000	0.1	0.0	0.1	0.1	5	1	1.0	0.664	0.94	0.06	0.88	0.12	0.0	0.0	0.12	0.88	100
(0,0,1,1,0,1,1,1)	(0,0,1,1)	50	5000	0.1	0.0	0.1	0.1	5	1	1.0	3.767	0.94	0.06	0.86	0.14	0.0	0.0	0.14	0.86	100
(0,0,1,1,0,1,1,1)	(0,0,1,1)	50	5000	0.1	0.0	0.1	0.1	5	1	1.0	13.563	0.98	0.02	1.0	0.0	0.0	0.0	0.0	1.0	100
(0,0,1,1,0,1,1,1)	(0,0,1,1)	50	5000	0.1	0.0	0.1	0.1	5	1	1.0	10.583	1.0	0.0	1.0	0.0	0.0	0.0	0.0	1.0	100
(0,0,1,1,0,1,1,1)	(0,0,1,1)	50	5000	0.1	0.0	0.1	0.1	5	1	1.0	1.241	0.92	0.08	0.96	0.02	0.0	0.02	0.04	0.96	100
(0,0,1,1,0,1,1,1)	(0,0,1,1)	50	5000	0.1	0.0	0.1	0.1	5	1	1.0	4.28	0.94	0.06	0.98	0.0	0.02	0.0	0.02	0.98	100
(0,0,1,1,0,1,1,1)	(0,0,1,1)	50	5000	0.1	0.0	0.1	0.1	5	1	1.0	14.84	0.98	0.02	0.98	0.0	0.02	0.0	0.98	0.02	000
(0,0,1,1,0,1,1,1)	(0,0,1,1)	50	5000	0.1	0.0	0.1	0.1	5	1	1.0	1.931	1.0	0.0	1.0	0.0	0.0	0.0	1.0	0.0	000
(0,0,1,1,0,1,1,1)	(0,0,1,1)	50	5000	0.1	0.0	0.1	0.1	5	1	1.0	0.586	0.98	0.02	1.0	0.0	0.0	0.0	0.0	1.0	100
(0,0,1,1,0,1,1,1)	(0,0,1,1)	50	5000	0.1	0.0	0.1	0.1	5	1	1.0	2.565	0.88	0.12	1.0	0.0	0.0	0.0	0.0	1.0	100
(0,0,1,1,0,1,1,1)	(0,0,1,1)	50	5000	0.1	0.0	0.1	0.1	5	1	1.0	16.422	1.0	0.0	1.0	0.0	0.0	0.0	1.0	0.0	000
(0,0,1,1,0,1,1,1)	(0,0,1,1)	50	5000	0.1	0.0	0.1	0.1	5	1	1.0	12.979	0.94	0.06	0.92	0.04	0.04	0.0	0.08	0.92	100
(0,0,1,1,0,1,1,1)	(0,0,1,1)	50	5000	0.1	0.0	0.1	0.1	5	1	1.0	3.086	1.0	0.0	1.0	0.0	0.0	0.0	1.0	0.0	000
(0,0,1,1,0,1,1,1)	(0,0,1,1)	50	5000	0.1	0.0	0.1	0.1	5	1	1.0	0.567	0.96	0.04	0.98	0.0	0.0	0.02	0.02	0.98	100
(0,0,1,1,0,1,1,1)	(0,0,1,1)	50	5000	0.1	0.0	0.1	0.1	5	1	1.0	11.493	0.0	1.0	0.0	1.0	0.0	0.0	0.0	1.0	101
(0,0,1,1,0,1,1,1)	(0,0,1,1)	50	5000	0.1	0.0	0.1	0.1	5	1	1.0	7.231	1.0	0.0	0.98	0.02	0.0	0.0	0.98	0.02	000
(0,0,1,1,0,1,1,1)	(0,0,1,1)	50	5000	0.1	0.0	0.1	0.1	5	1	1.0	7.076	0.96	0.04	1.0	0.0	0.0	0.0	0.0	1.0	100
(0,0,1,1,0,1,1,1)	(0,0,1,1)	50	5000	0.1	0.0	0.1	0.1	5	1	1.0	8.341	0.92	0.08	0.98	0.0	0.0	0.02	0.02	0.98	100
(0,0,1,1,0,1,1,1)	(0,0,1,1)	50	5000	0.1	0.0	0.1	0.1	5	1	1.0	1.03	1.0	0.0	1.0	0.0	0.0	0.0	1.0	0.0	000
(0,0,1,1,0,1,1,1)	(0,0,1,1)	50	5000	0.1	0.0	0.1	0.1	5	1	1.0	9.841	0.94	0.06	1.0	0.0	0.0	0.0	0.0	1.0	100
(0,0,1,1,0,1,1,1)	(0,0,1,1)	50	5000	0.1	0.0	0.1	0.1	5	1	1.0	3.683	0.96	0.04	0.82	0.18	0.0	0.0	0.18	0.82	100
(0,0,1,1,0,1,1,1)	(0,0,1,1)	50	4000	0.01	0.0	0.01	0.01	5	1	1.0	0.081	0.98	0.02	1.0	0.0	0.0	0.0	0.0	1.0	100
(0,0,1,1,0,1,1,1)	(0,0,1,1)	50	4000	0.01	0.0	0.01	0.01	5	1	1.0	80.323	0.0	1.0	0.0	1.0	0.0	0.0	0.0	1.0	101
(0,0,1,1,0,1,1,1)	(0,0,1,1)	50	4000	0.01	0.0	0.01	0.01	5	1	1.0	36.191	1.0	0.0	1.0	0.0	0.0	0.0	0.0	1.0	100
(0,0,1,1,0,1,1,1)	(0,0,1,1)	50	4000	0.01	0.0	0.01	0.01	5	1	1.0	0.086	1.0	0.0	1.0	0.0	0.0	0.0	0.0	1.0	100
(0,0,1,1,0,1,1,1)	(0,0,1,1)	50	4000	0.01	0.0	0.01	0.01	5	1	1.0	0.058	1.0	0.0	1.0	0.0	0.0	0.0	0.0	1.0	100
(0,0,1,1,0,1,1,1)	(0,0,1,1)	50	4000	0.01	0.0	0.01	0.01	5	1	1.0	1.048	1.0	0.0	1.0	0.0	0.0	0.0	1.0	0.0	000
(0,0,1,1,0,1,1,1)	(0,0,1,1)	50	4000	0.01	0.0	0.01	0.01	5	1	1.0	21.006	0.0	1.0	0.0	0.54	0.0	0.46	0.46	0.54	101
(0,0,1,1,0,1,1,1)	(0,0,1,1)	50	4000	0.01	0.0	0.01	0.01	5	1	1.0	35.691	0.0	1.0	0.0	1.0	0.0	0.0	0.0	1.0	101
(0,0,1,1,0,1,1,1)	(0,0,1,1)	50	4000	0.01	0.0	0.01	0.01	5	1	1.0	0.058	1.0	0.0	1.0	0.0	0.0	0.0	0.0	1.0	100
(0,0,1,1,0,1,1,1)	(0,0,1,1)	50	4000	0.01	0.0	0.01	0.01	5	1	1.0	0.038	1.0	0.0	1.0	0.0	0.0	0.0	1.0	0.0	000
(0,0,1,1,0,1,1,1)	(0,0,1,1)	50	4000	0.01	0.0	0.01	0.01	5	1	1.0	0.074	1.0	0.0	1.0	0.0	0.0	0.0	0.0	1.0	100
(0,0,1,1,0,1,1,1)	(0,0,1,1)	50	4000	0.01	0.0	0.01	0.01	5	1	1.0	0.056	1.0	0.0	1.0	0.0	0.0	0.0	0.0	1.0	100
(0,0,1,1,0,1,1,1)	(0,0,1,1)	50	2000	0.1	0.0	0.01	0.01	5	1	1.0	16.427	0.98	0.02	1.0	0.0	0.0	0.0	0.0	1.0	100
(0,0,1,1,0,1,1,1)	(0,0,1,1)	50	2000	0.1	0.0	0.01	0.01	5	1	1.0	14.107	0.92	0.08	0.92	0.0	0.0	0.08	0.08	0.92	100
(0,0,1,1,0,1,1,1)	(0,0,1,1)	50	2000	0.1	0.0	0.01	0.01	5	1	1.0	5.674	1.0	0.0	0.2	0.8	0.0	0.0	0.8	0.2	001
(0,0,1,1,0,1,1,1)	(0,0,1,1)	50	2000	0.1	0.0	0.01	0.01	5	1	1.0	27.061	1.0	0.0	0.92	0.08	0.0	0.0	0.08	0.92	100
(0,0,1,1,0,1,1,1)	(0,0,1,1)	50	2000	0.1	0.0	0.01	0.01	5	1	1.0	5.744	1.0	0.0	1.0	0.0	0.0	0.0	0.0	1.0	100
(0,0,1,1,0,1,1,1)	(0,0,1,1)	50	2000	0.1	0.0	0.01	0.01	5	1	1.0	42.353	1.0	0.0	1.0	0.0	0.0	0.0	1.0	0.0	000
(0,0,1,1,0,1,1,1)	(0,0,1,1)	50	2000	0.1	0.0	0.01	0.01	5	1	1.0	9.268	1.0	0.0	1.0	0.0	0.0	0.0	0.0	1.0	100
(0,0,1,1,0,1,1,1)	(0,0,1,1)	50	2000	0.1	0.0	0.01	0.01	5	1	1.0	3.067	1.0	0.0	1.0	0.0	0.0	0.0	0.0	1.0	100
(0,0,1,1,0,1,1,1)	(0,0,1,1)	50	2000	0.1	0.0	0.01	0.01	5	1	1.0	30.583	1.0	0.0	1.0	0.0	0.0	0.0	0.0	1.0	100
(0,0,1,1,0,1,1,1)	(0,0,1,1)	50	2000	0.1	0.0	0.01	0.01	5	1	1.0	19.418	1.0	0.0	1.0	0.0	0.0	0.0	1.0	0.0	000
(0,0,1,1,0,1,1,1)	(0,0,1,1)	50	2000	0.1	0.0	0.01	0.01	5	1	1.0	0.91	0.0	1.0	0.0	1.0	0.0	0.0	0.0	1.0	101
(0,0,1,1,0,1,1,1)	(0,0,1,1)	50	2000	0.1	0.0	0.01	0.01	5	1	1.0	23.132	1.0	0.0	0.56	0.44	0.0	0.0	0.44	0.56	100
(0,0,1,1,0,1,1,1)	(0,0,1,1)	50	2000	0.1	0.0	0.01	0.01	5	1	1.0	1.65	1.0	0.0	1.0	0.0	0.0	0.0	1.0	0.0	000
(0,0,1,1,0,1,1,1)	(0,0,1,1)	50	2000	0.1	0.0	0.01	0.01	5	1	1.0	15.416	0.06	0.94	0.0	0.92	0.04	0.04	0.04	0.96	101
(0,0,1,1,0,1,1,1)	(0,0,1,1)	50	2000	0.1	0.0	0.01	0.01	5	1	1.0	41.479	0.98	0.02	0.98	0.0	0.02	0.0	0.98	0.02	000
(0,0,1,1,0,1,1,1)	(0,0,1,1)	50	2000	0.1	0.0	0.01	0.01	5	1	1.0	11.474	1.0	0.0	1.0	0.0	0.0	0.0	1.0	0.0	000
(0,0,1,1,0,1,1,1)	(0,0,1,1)	50	2000	0.1	0.0	0.01	0.01	5	1	1.0	7.927	0.46	0.54	0.0	1.0	0.0	0.0	1.0	0.0	001
(0,0,1,1,0,1,1,1)	(0,0,1,1)	50	2000	0.1	0.0	0.01	0.01	5	1	1.0	9.402	0.96	0.04	0.96	0.0	0.0	0.04	0.96	0.04	000
(0,0,1,1,0,1,1,1)	(0,0,1,1)	50	2000	0.1	0.0	0.01	0.01	5	1	1.0	0.331	1.0	0.0	1.0	0.0	0.0	0.0	0.0	1.0	100
(0,0,1,1,0,1,1,1)	(0,0,1,1)	50	2000	0.1	0.0	0.01	0.01	5	1	1.0	12.921	0.96	0.04	0.92	0.04	0.04	0.0	0.92	0.08	000
(0,0,1,1,0,1,1,1)	(0,0,1,1)	50	2000	0.1	0.0	0.01	0.01	5	1	1.0	1.887	0.0	1.0	0.0	1.0	0.0	0.0	0.0	1.0	101
(0,0,1,1,0,1,1,1)	(0,0,1,1)	50	2000	0.1	0.0	0.01	0.01	5	1	1.0	0.472	1.0	0.0	1.0	0.0	0.0	0.0	1.0	0.0	000
(0,0,1,1,0,1,1,1)	(0,0,1,1)	50	2000	0.1	0.0	0.01	0.01	5	1	1.0	5.295	1.0	0.0	0.96	0.04	0.0	0.0	0.96	0.04	000
(0,0,1,1,0,1,1,1)	(0,0,1,1)	50	2000	0.1	0.0	0.01	0.01	5	1	1.0	15.775	1.0	0.0	1.0	0.0	0.0	0.0	0.0	1.0	100
(0,0,1,1,0,1,1,1)	(0,0,1,1)	50	2000	0.1	0.0	0.01	0.01	5	1	1.0	21.316	1.0	0.0	1.0	0.0	0.0	0.0	0.0	1.0	100
(0,0,1,1,0,1,1,1)	(0,0,1,1)	50	2000	0.1	0.0	0.01	0.01	5	1	1.0	0.29	1.0	0.0	1.0	0.0	0.0	0.0	0.0	1.0	100
(0,0,1,1,0,1,1,1)	(0,0,1,1)	50	2000	0.1	0.0	0.01	0.01	5	1	1.0	19.527	1.0	0.0	0.96	0.04	0.0	0.0	0.04	0.96	100
(0,0,1,1,0,1,1,1)	(0,0,1,1)	50	2000	0.1	0.0	0.01	0.01	5	1	1.0	21.709	0.96	0.04	0.96	0.0	0.04	0.0	0.96	0.04	000
(0,0,1,1,0,1,1,1)	(0,0,1,1)	50	2000	0.1	0.0	0.01	0.01	5	1	1.0	54.2	0.98	0.02	0.98	0.0	0.0	0.02	0.98	0.02	000
(0,0,1,1,0,1,1,1)	(0,0,1,1)	50	20	0.1	0.0	0.01	0.01	5	1	1.0	0.026	1.0	0.0	0.9	0.1	0.0	0.0	0.0	1.0	100
(0,0,1,1,0,1,1,1)	(0,0,1,1)	50	20	0.1	0.0	0.01	0.01	5	1	1.0	0.706	1.0	0.0	1.0	0.0	0.0	0.0	1.0	0.0	000
(0,0,1,1,0,1,1,1)	(0,0,1,1)	50	20	0.1	0.0	0.01	0.01	5	1	1.0	0.029	1.0	0.0	1.0	0.0	0.0	0.0	0.34	0.66	100
(0,0,1,1,0,1,1,1)	(0,0,1,1)	50	20	0.1	0.0	0.01	0.01	5	1	1.0	2.111	1.0	0.0	0.66	0.34	0.0	0.0	0.7	0.3	000
(0,0,1,1,0,1,1,1)	(0,0,1,1)	50	20	0.1	0.0	0.01	0.01	5	1	1.0	2.21	0.96	0.04	0.76	0.2	0.04	0.0	0.18	0.82	100
(0,0,1,1,0,1,1,1)	(0,0,1,1)	50	20	0.1	0.0	0.01	0.01	5	1	1.0	3.168	1.0	0.0	0.54	0.46	0.0	0.0	0.66	0.34	001
(0,0,1,1,0,1,1,1)	(0,0,1,1)	50	20	0.1	0.0	0.01	0.01	5	1	1.0	0.421	1.0	0.0	1.0	0.0	0.0	0.0	0.58	0.42	000
(0,0,1,1,0,1,1,1)	(0,0,1,1)	50	20	0.1	0.0	0.01	0.01	5	1	1.0	0.016	1.0	0.0	1.0	0.0	0.0	0.0	0.46	0.54	100
(0,0,1,1,0,1,1,1)	(0,0,1,1)	50	20	0.1	0.0	0.01	0.01	5	1	1.0	0.361	1.0	0.0	0.66	0.34	0.0	0.0	0.5	0.5	000
(0,0,1,1,0,1,1,1)	(0,0,1,1)	50	20	0.1	0.0	0.01	0.01	5	1	1.0	0.117	1.0	0.0	1.0	0.0	0.0	0.0	0.5	0.5	000
(0,0,1,1,0,1,1,1)	(0,0,1,1)	50	20	0.1	0.0	0.01	0.01	5	1	1.0	29.691	0.76	0.24	0.38	0.42	0.06	0.14	0.76	0.24	001
(0,0,1,1,0,1,1,1)	(0,0,1,1)	50	20	0.1	0.0	0.01	0.01	5	1	1.0	14.592	0.98	0.02	0.48	0.52	0.0	0.0	0.1	0.9	101
(0,0,1,1,0,1,1,1)	(0,0,1,1)	50	20	0.1	0.0	0.01	0.01	5	1	1.0	1.654	0.98	0.02	0.98	0.0	0.0	0.02	0.58	0.42	000
(0,0,1,1,0,1,1,1)	(0,0,1,1)	50	20	0.1	0.0	0.01	0.01	5	1	1.0	10.613	0.98	0.02	0.9	0.08	0.02	0.0	0.4	0.6	100
(0,0,1,1,0,1,1,1)	(0,0,1,1)	50	20	0.1	0.0	0.01	0.01	5	1	1.0	0.017	1.0	0.0	1.0	0.0	0.0	0.0	0.3	0.7	100
(0,0,1,1,0,1,1,1)	(0,0,1,1)	50	20	0.1	0.0	0.01	0.01	5	1	1.0	11.766	0.98	0.02	0.54	0.46	0.0	0.0	0.54	0.46	000
(0,0,1,1,0,1,1,1)	(0,0,1,1)	50	200	0.1	0.0	0.01	0.01	5	1	1.0	0.455	1.0	0.0	1.0	0.0	0.0	0.0	0.06	0.94	100
(0,0,1,1,0,1,1,1)	(0,0,1,1)	50	2000	0.1	0.0	0.01	0.01	5	1	1.0	15.047	1.0	0.0	1.0	0.0	0.0	0.0	0.0	1.0	100
(0,0,1,1,0,1,1,1)	(0,0,1,1)	50	2000	0.1	0.0	0.01	0.01	5	1	1.0	0.301	1.0	0.0	1.0	0.0	0.0	0.0	0.0	1.0	100
(0,0,1,1,0,1,1,1)	(0,0,1,1)	50	2000	0.1	0.0	0.01	0.01	5	1	1.0	6.17	1.0	0.0	1.0	0.0	0.0	0.0	1.0	0.0	000
(0,0,1,1,0,1,1,1)	(0,0,1,1)	50	2000	0.1	0.0	0.01	0.01	5	1	1.0	4.413	0.38	0.62	0.0	1.0	0.0	0.0	1.0	0.0	001
(0,0,1,1,0,1,1,1)	(0,0,1,1)	50	2000	0.1	0.0	0.01	0.01	5	1	1.0	0.869	1.0	0.0	1.0	0.0	0.0	0.0	1.0	0.0	000
(0,0,1,1,0,1,1,1)	(0,0,1,1)	50	2000	0.1	0.0	0.01	0.01	5	1	1.0	0.501	0.96	0.04	0.96	0.0	0.04	0.0	0.04	0.96	100
(0,0,1,1,0,1,1,1)	(0,0,1,1)	50	2000	0.1	0.0	0.01	0.01	5	1	1.0	4.143	1.0	0.0	1.0	0.0	0.0	0.0	0.0	1.0	100
(0,0,1,1,0,1,1,1)	(0,0,1,1)	50	2000	0.1	0.0	0.01	0.01	5	1	1.0	13.882	1.0	0.0	1.0	0.0	0.0	0.0	0.0	1.0	100
(0,0,1,1,0,1,1,1)	(0,0,1,1)	50	2000	0.1	0.0	0.01	0.01	5	1	1.0	3.389	1.0	0.0	1.0	0.0	0.0	0.0	1.0	0.0	000
(0,0,1,1,0,1,1,1)	(0,0,1,1)	50	2000	0.1	0.0	0.01	0.01	5	1	1.0	3.007	1.0	0.0	1.0	0.0	0.0	0.0	1.0	0.0	000
(0,0,1,1,0,1,1,1)	(0,0,1,1)	50	2000	0.1	0.0	0.01	0.01	5	1	1.0	11.58	0.46	0.54	0.0	0.34	0.66	0.0	0.34	0.66	110
(0,0,1,1,0,1,1,1)	(0,0,1,1)	50	2000	0.1	0.0	0.01	0.01	5	1	1.0	2.795	1.0	0.0	1.0	0.0	0.0	0.0	1.0	0.0	000
(0,0,1,1,0,1,1,1)	(0,0,1,1)	50	2000	0.1	0.0	0.01	0.01	5	1	1.0	48.654	1.0	0.0	1.0	0.0	0.0	0.0	1.0	0.0	000
(0,0,1,1,0,1,1,1)	(0,0,1,1)	50	2000	0.1	0.0	0.01	0.01	5	1	1.0	6.188	0.6	0.4	0.0	1.0	0.0	0.0	1.0	0.0	001
(0,0,1,1,0,1,1,1)	(0,0,1,1)	50	2000	0.1	0.0	0.01	0.01	5	1	1.0	0.459	1.0	0.0	1.0	0.0	0.0	0.0	1.0	0.0	000
(0,0,1,1,0,1,1,1)	(0,0,1,1)	50	2000	0.1	0.0	0.01	0.01	5	1	1.0	11.106	0.12	0.88	0.0	0.0	1.0	0.0	0.0	1.0	110
(0,0,1,1,0,1,1,1)	(0,0,1,1)	50	2000	0.1	0.0	0.01	0.01	5	1	1.0	0.456	0.18	0.82	1.0	0.0	0.0	0.0	0.0	1.0	100
(0,0,1,1,0,1,1,1)	(0,0,1,1)	50	2000	0.1	0.0	0.01	0.01	5	1	1.0	0.771	0.34	0.66	1.0	0.0	0.0	0.0	0.0	1.0	100
(0,0,1,1,0,1,1,1)	(0,0,1,1)	50	2000	0.1	0.0	0.01	0.01	5	1	1.0	4.376	0.46	0.54	0.98	0.0	0.02	0.0	0.02	0.98	100
(0,0,1,1,0,1,1,1)	(0,0,1,1)	50	2000	0.1	0.0	0.01	0.01	5	1	1.0	5.832	1.0	0.0	1.0	0.0	0.0	0.0	1.0	0.0	000
(0,0,1,1,0,1,1,1)	(0,0,1,1)	50	2000	0.1	0.0	0.01	0.01	5	1	1.0	0.483	0.42	0.58	1.0	0.0	0.0	0.0	0.0	1.0	100
(0,0,1,1,0,1,1,1)	(0,0,1,1)	50	2000	0.1	0.0	0.01	0.01	5	1	1.0	0.415	0.22	0.78	1.0	0.0	0.0	0.0	0.0	1.0	100
(0,0,1,1,0,1,1,1)	(0,0,1,1)	50	2000	0.1	0.0	0.01	0.01	5	1	1.0	10.061	0.32	0.68	0.98	0.0	0.02	0.0	0.02	0.98	100
(0,0,1,1,0,1,1,1)	(0,0,1,1)	50	2000	0.1	0.0	0.01	0.01	5	1	1.0	18.434	1.0	0.0	1.0	0.0	0.0	0.0	1.0	0.0	000
(0,0,1,1,0,1,1,1)	(0,0,1,1)	50	2000	0.1	0.0	0.01	0.01	5	1	1.0	0.437	0.42	0.58	0.96	0.04	0.0	0.0	0.04	0.96	100
(0,0,1,1,0,1,1,1)	(0,0,1,1)	50	2000	0.1	0.0	0.01	0.01	5	1	1.0	0.687	1.0	0.0	1.0	0.0	0.0	0.0	1.0	0.0	000
(0,0,1,1,0,1,1,1)	(0,0,1,1)	50	2000	0.1	0.0	0.01	0.01	5	1	1.0	10.887	0.48	0.52	1.0	0.0	0.0	0.0	0.0	1.0	100
(0,0,1,1,0,1,1,1)	(0,0,1,1)	50	2000	0.1	0.0	0.01	0.01	5	1	1.0	0.855	0.98	0.02	1.0	0.0	0.0	0.0	1.0	0.0	000
(0,0,1,1,0,1,1,1)	(0,0,1,1)	50	2000	0.1	0.0	0.01	0.01	5	1	1.0	0.652	1.0	0.0	1.0	0.0	0.0	0.0	1.0	0.0	000
(0,0,1,1,0,1,1,1)	(0,0,1,1)	50	2000	0.1	0.0	0.01	0.01	5	1	1.0	0.592	0.38	0.62	1.0	0.0	0.0	0.0	0.0	1.0	100
(0,0,1,1,0,1,1,1)	(0,0,1,1)	50	2000	0.1	0.0	0.01	0.01	5	1	1.0	6.018	1.0	0.0	1.0	0.0	0.0	0.0	1.0	0.0	000
(0,0,1,1,0,1,1,1)	(0,0,1,1)	50	2000	0.1	0.0	0.01	0.01	5	1	1.0	0.546	0.38	0.62	0.92	0.02	0.0	0.06	0.08	0.92	100
(0,0,1,1,0,1,1,1)	(0,0,1,1)	50	2000	0.1	0.0	0.01	0.01	5	1	1.0	0.477	1.0	0.0	1.0	0.0	0.0	0.0	1.0	0.0	000
(0,0,1,1,0,1,1,1)	(0,0,1,1)	50	2000	0.1	0.0	0.01	0.01	5	1	1.0	0.29	1.0	0.0	0.78	0.22	0.0	0.0	0.78	0.22	000
(0,0,1,1,0,1,1,1)	(0,0,1,1)	50	2000	0.1	0.0	0.01	0.01	5	1	1.0	0.31	1.0	0.0	1.0	0.0	0.0	0.0	1.0	0.0	000
(0,0,1,1,0,1,1,1)	(0,0,1,1)	50	2000	0.1	0.0	0.01	0.01	5	1	1.0	0.307	1.0	0.0	1.0	0.0	0.0	0.0	0.0	1.0	100
(0,0,1,1,0,1,1,1)	(0,0,1,1)	50	2000	0.1	0.0	0.01	0.01	5	1	1.0	0.332	0.96	0.04	0.74	0.22	0.0	0.04	0.26	0.74	100
(0,0,1,1,0,1,1,1)	(0,0,1,1)	50	2000	0.1	0.0	0.01	0.01	5	1	1.0	11.819	1.0	0.0	1.0	0.0	0.0	0.0	0.0	1.0	100
(0,0,1,1,0,1,1,1)	(0,0,1,1)	50	2000	0.1	0.0	0.01	0.01	5	1	1.0	8.002	1.0	0.0	1.0	0.0	0.0	0.0	0.0	1.0	100
(0,0,1,1,0,1,1,1)	(0,0,1,1)	50	2000	0.1	0.0	0.01	0.01	5	1	1.0	3.269	1.0	0.0	1.0	0.0	0.0	0.0	1.0	0.0	000
(0,0,1,1,0,1,1,1)	(1,0,0,1)	50	2000	0.1	0.0	0.01	0.01	5	1	1.0	24.011	0.52	0.48	0.0	0.92	0.08	0.0	1.0	0.0	001
(0,0,1,1,0,1,1,1)	(1,0,0,1)	50	2000	0.1	0.0	0.01	0.01	5	1	1.0	19.145	1.0	0.0	0.86	0.14	0.0	0.0	0.14	0.86	100
(0,0,1,1,0,1,1,1)	(1,0,0,1)	50	2000	0.1	0.0	0.01	0.01	5	1	1.0	10.831	0.52	0.48	0.0	1.0	0.0	0.0	0.0	1.0	101
(0,0,1,1,0,1,1,1)	(1,0,0,1)	50	2000	0.1	0.0	0.01	0.01	5	1	1.0	9.898	1.0	0.0	1.0	0.0	0.0	0.0	0.0	1.0	100
(0,0,1,1,0,1,1,1)	(1,0,0,1)	50	2000	0.1	0.0	0.01	0.01	5	1	1.0	8.417	1.0	0.0	1.0	0.0	0.0	0.0	1.0	0.0	000
(0,0,1,1,0,1,1,1)	(1,0,0,1)	50	2000	0.1	0.0	0.01	0.01	5	1	1.0	24.764	1.0	0.0	1.0	0.0	0.0	0.0	1.0	0.0	000
(0,0,1,1,0,1,1,1)	(1,0,0,1)	50	2000	0.1	0.0	0.01	0.01	5	1	1.0	0.3	1.0	0.0	0.98	0.02	0.0	0.0	0.02	0.98	100
(0,0,1,1,0,1,1,1)	(1,0,0,1)	50	2000	0.1	0.0	0.01	0.01	5	1	1.0	0.298	1.0	0.0	1.0	0.0	0.0	0.0	1.0	0.0	000
(0,0,1,1,0,1,1,1)	(1,0,0,1)	50	2000	0.1	0.0	0.01	0.01	5	1	1.0	5.206	1.0	0.0	1.0	0.0	0.0	0.0	1.0	0.0	000
(0,0,1,1,0,1,1,1)	(1,0,0,1)	50	2000	0.1	0.0	0.01	0.01	5	1	1.0	21.124	1.0	0.0	1.0	0.0	0.0	0.0	0.0	1.0	100
(0,0,1,1,0,1,1,1)	(1,0,0,1)	50	2000	0.1	0.0	0.01	0.01	5	1	1.0	0.301	1.0	0.0	0.3	0.7	0.0	0.0	0.7	0.3	001
(0,0,1,1,0,1,1,1)	(1,0,0,1)	50	2000	0.1	0.0	0.01	0.01	5	1	1.0	8.294	1.0	0.0	1.0	0.0	0.0	0.0	0.0	1.0	100
(0,0,1,1,0,1,1,1)	(1,0,0,1)	50	2000	0.1	0.0	0.0	0.0	5	1	1.0	16.165	1.0	0.0	0.5	0.5	0.0	0.0	0.5	0.5	000
(0,0,1,1,0,1,1,1)	(1,0,0,1)	50	2000	0.1	0.0	0.0	0.0	5	1	1.0	10.667	1.0	0.0	1.0	0.0	0.0	0.0	0.0	1.0	100
(0,0,1,1,0,1,1,1)	(1,0,0,1)	50	2000	0.1	0.0	0.0	0.0	5	1	1.0	0.27	1.0	0.0	1.0	0.0	0.0	0.0	0.0	1.0	100
(0,0,1,1,0,1,1,1)	(1,0,0,1)	50	2000	0.1	0.0	0.0	0.0	5	1	1.0	17.995	1.0	0.0	0.06	0.94	0.0	0.0	0.06	0.94	101
(0,0,1,1,0,1,1,1)	(1,0,0,1)	50	2000	0.1	0.0	0.0	0.0	5	1	1.0	0.346	0.98	0.02	0.98	0.0	0.02	0.0	0.98	0.02	000
(0,0,1,1,0,1,1,1)	(1,0,0,1)	50	2000	0.1	0.0	0.0	0.0	5	1	1.0	3.65	0.0	1.0	0.0	1.0	0.0	0.0	0.0	1.0	101
(0,0,1,1,0,1,1,1)	(1,0,0,1)	50	2000	0.1	0.0	0.0	0.0	5	1	1.0	0.279	1.0	0.0	1.0	0.0	0.0	0.0	1.0	0.0	000
(0,0,1,1,0,1,1,1)	(1,0,0,1)	50	2000	0.1	0.0	0.0	0.0	5	1	1.0	2.367	1.0	0.0	0.0	1.0	0.0	0.0	0.0	1.0	101
(0,0,1,1,0,1,1,1)	(1,0,0,1)	50	2000	0.1	0.0	0.0	0.0	5	1	1.0	14.844	0.98	0.02	0.54	0.44	0.02	0.0	0.56	0.44	000
(0,0,1,1,0,1,1,1)	(1,0,0,1)	50	2000	0.1	0.0	0.0	0.0	5	1	1.0	37.341	0.48	0.52	0.0	1.0	0.0	0.0	1.0	0.0	001
(0,0,1,1,0,1,1,1)	(1,0,0,1)	50	2000	0.1	0.0	0.0	0.0	5	1	1.0	0.519	1.0	0.0	1.0	0.0	0.0	0.0	0.0	1.0	100
(0,0,1,1,0,1,1,1)	(1,0,0,1)	50	2000	0.1	0.0	0.0	0.0	5	1	1.0	21.125	1.0	0.0	1.0	0.0	0.0	0.0	1.0	0.0	000
(0,0,1,1,0,1,1,1)	(1,0,0,1)	50	2000	0.1	0.0	0.0	0.0	5	1	1.0	4.445	1.0	0.0	1.0	0.0	0.0	0.0	0.0	1.0	100
(0,0,1,1,0,1,1,1)	(1,0,0,1)	50	2000	0.1	0.0	0.0	0.0	5	1	1.0	5.312	1.0	0.0	1.0	0.0	0.0	0.0	1.0	0.0	000
(0,0,1,1,0,1,1,1)	(1,0,0,1)	50	2000	0.1	0.0	0.0	0.0	5	1	1.0	0.277	1.0	0.0	1.0	0.0	0.0	0.0	1.0	0.0	000
(0,0,1,1,0,1,1,1)	(1,0,0,1)	50	2000	0.1	0.0	0.0	0.0	5	1	1.0	7.43	1.0	0.0	0.88	0.12	0.0	0.0	0.12	0.88	100
(0,0,1,1,0,1,1,1)	(1,0,0,1)	50	2000	0.1	0.0	0.0	0.0	5	1	1.0	32.521	0.0	1.0	0.0	1.0	0.0	0.0	0.0	1.0	101
(0,0,1,1,0,1,1,1)	(1,0,0,1)	50	2000	0.1	0.0	0.0	0.0	5	1	1.0	2.493	1.0	0.0	1.0	0.0	0.0	0.0	0.0	1.0	100
(0,0,1,1,0,1,1,1)	(1,0,0,1)	50	2000	0.1	0.0	0.0	0.0	5	1	1.0	0.71	1.0	0.0	1.0	0.0	0.0	0.0	1.0	0.0	000
(0,0,1,1,0,1,1,1)	(1,0,0,1)	50	2000	0.1	0.0	0.0	0.0	5	1	1.0	0.267	1.0	0.0	1.0	0.0	0.0	0.0	1.0	0.0	000
(0,0,1,1,0,1,1,1)	(1,0,0,1)	50	2000	0.1	0.0	0.0	0.0	5	1	1.0	14.944	1.0	0.0	1.0	0.0	0.0	0.0	1.0	0.0	000
(0,0,1,1,0,1,1,1)	(1,0,0,1)	50	2000	0.1	0.0	0.0	0.0	5	1	1.0	0.36	1.0	0.0	1.0	0.0	0.0	0.0	0.0	1.0	100
(0,0,1,1,0,1,1,1)	(1,0,0,1)	50	2000	0.1	0.0	0.0	0.0	5	1	1.0	0.349	1.0	0.0	1.0	0.0	0.0	0.0	0.0	1.0	100
(0,0,1,1,0,1,1,1)	(1,0,0,1)	50	2000	0.1	0.0	0.0	0.0	5	1	1.0	7.208	0.0	1.0	0.0	1.0	0.0	0.0	0.0	1.0	101
(0,0,1,1,0,1,1,1)	(1,0,0,1)	50	2000	0.1	0.0	0.0	0.0	5	1	1.0	10.941	1.0	0.0	0.0	1.0	0.0	0.0	1.0	0.0	001
(0,0,1,1,0,1,1,1)	(1,0,0,1)	50	2000	0.1	0.0	0.0	0.0	5	1	1.0	0.325	0.98	0.02	0.98	0.0	0.02	0.0	0.02	0.98	100
(0,0,1,1,0,1,1,1)	(1,0,0,1)	50	2000	0.1	0.0	0.0	0.0	5	1	1.0	2.368	0.98	0.02	0.98	0.0	0.02	0.0	0.98	0.02	000
(0,0,1,1,0,1,1,1)	(1,0,0,1)	50	2000	0.1	0.0	0.0	0.0	5	1	1.0	10.706	1.0	0.0	1.0	0.0	0.0	0.0	0.0	1.0	100
(0,0,1,1,0,1,1,1)	(1,0,0,1)	50	2000	0.1	0.0	0.0	0.0	5	1	1.0	0.373	1.0	0.0	1.0	0.0	0.0	0.0	1.0	0.0	000
(0,0,1,1,0,1,1,1)	(1,0,0,1)	50	2000	0.1	0.0	0.0	0.0	5	1	1.0	24.733	1.0	0.0	1.0	0.0	0.0	0.0	1.0	0.0	000
(0,0,1,1,0,1,1,1)	(1,0,0,1)	50	2000	0.1	0.0	0.0	0.0	5	1	1.0	5.373	1.0	0.0	1.0	0.0	0.0	0.0	1.0	0.0	000
(0,0,1,1,0,1,1,1)	(1,0,0,1)	50	2000	0.1	0.0	0.0	0.0	5	1	1.0	9.936	1.0	0.0	1.0	0.0	0.0	0.0	0.0	1.0	100
(0,0,1,1,0,1,1,1)	(0,1,0,1)	50	2000	0.1	0.0	0.0	0.0	5	1	1.0	0.321	1.0	0.0	1.0	0.0	0.0	0.0	0.0	1.0	100
(0,0,1,1,0,1,1,1)	(0,1,0,1)	50	2000	0.1	0.0	0.0	0.0	5	1	1.0	15.185	1.0	0.0	1.0	0.0	0.0	0.0	1.0	0.0	000
(0,0,1,1,0,1,1,1)	(0,1,0,1)	50	2000	0.1	0.0	0.0	0.0	5	1	1.0	4.285	1.0	0.0	1.0	0.0	0.0	0.0	0.0	1.0	100
(0,0,1,1,0,1,1,1)	(0,1,0,1)	50	2000	0.1	0.0	0.0	0.0	5	1	1.0	7.666	1.0	0.0	1.0	0.0	0.0	0.0	1.0	0.0	000
(0,0,1,1,0,1,1,1)	(1,1,1,1)	50	2000	0.1	0.0	0.0	0.0	5	1	1.0	20.043	1.0	0.0	1.0	0.0	0.0	0.0	0.0	1.0	100
(0,0,1,1,0,1,1,1)	(1,1,1,1)	50	2000	0.1	0.0	0.0	0.0	5	1	1.0	24.885	1.0	0.0	1.0	0.0	0.0	0.0	0.0	1.0	100
(0,0,1,1,0,1,1,1)	(1,1,1,1)	50	2000	0.1	0.0	0.0	0.0	5	1	1.0	0.411	0.94	0.06	0.94	0.0	0.06	0.0	0.06	0.94	100
(0,0,1,1,0,1,1,1)	(1,1,1,1)	50	2000	0.1	0.0	0.0	0.0	5	1	1.0	15.874	0.98	0.02	0.98	0.0	0.0	0.02	0.02	0.98	100
(0,0,1,1,0,1,1,1)	(1,1,1,1)	50	2000	0.1	0.0	0.0	0.0	5	1	1.0	3.525	0.9	0.1	0.26	0.68	0.0	0.06	0.68	0.32	001
(0,0,1,1,0,1,1,1)	(1,1,1,1)	50	2000	0.1	0.0	0.0	0.0	5	1	1.0	0.292	1.0	0.0	1.0	0.0	0.0	0.0	0.0	1.0	100
(0,0,1,1,0,1,1,1)	(1,1,1,1)	50	2000	0.1	0.0	0.0	0.0	5	1	1.0	4.986	1.0	0.0	0.9	0.1	0.0	0.0	0.1	0.9	100
(0,0,1,1,0,1,1,1)	(1,1,1,1)	50	2000	0.1	0.0	0.0	0.0	5	1	1.0	10.077	1.0	0.0	1.0	0.0	0.0	0.0	1.0	0.0	000
(0,0,1,1,0,1,1,1)	(1,1,1,1)	50	2000	0.1	0.0	0.0	0.0	5	1	1.0	25.015	0.6	0.4	0.0	0.96	0.04	0.0	0.04	0.96	101
(0,0,1,1,0,1,1,1)	(1,1,1,1)	50	2000	0.1	0.0	0.0	0.0	5	1	1.0	0.733	1.0	0.0	1.0	0.0	0.0	0.0	1.0	0.0	000
(0,0,1,1,0,1,1,1)	(1,1,1,1)	50	2000	0.1	0.0	0.0	0.0	5	1	1.0	12.104	0.4	0.6	0.0	0.3	0.54	0.16	0.3	0.7	110
(0,0,1,1,0,1,1,1)	(1,1,1,1)	50	2000	0.1	0.0	0.0	0.0	5	1	1.0	0.218	1.0	0.0	1.0	0.0	0.0	0.0	0.0	1.0	100
(0,0,1,1,0,1,1,1)	(1,1,1,1)	50	2000	0.1	0.0	0.0	0.0	5	1	1.0	8.598	1.0	0.0	1.0	0.0	0.0	0.0	1.0	0.0	000
(0,0,1,1,0,1,1,1)	(1,1,1,1)	50	2000	0.1	0.0	0.0	0.0	5	1	1.0	6.609	1.0	0.0	0.94	0.06	0.0	0.0	0.94	0.06	000
(0,0,1,1,0,1,1,1)	(1,1,1,1)	50	2000	0.1	0.0	0.0	0.0	5	1	1.0	23.109	0.0	1.0	0.0	0.9	0.0	0.1	0.9	0.1	001
(0,0,1,1,0,1,1,1)	(1,1,1,1)	50	2000	0.1	0.0	0.0	0.0	5	1	1.0	0.977	1.0	0.0	1.0	0.0	0.0	0.0	1.0	0.0	000
(0,0,1,1,0,1,1,1)	(1,1,1,1)	50	2000	0.1	0.0	0.0	0.0	5	1	1.0	9.173	1.0	0.0	1.0	0.0	0.0	0.0	0.0	1.0	100
(0,0,1,1,0,1,1,1)	(1,1,1,1)	50	2000	0.1	0.0	0.0	0.0	5	1	1.0	12.17	0.98	0.02	0.98	0.0	0.0	0.02	0.02	0.98	100
(0,0,1,1,0,1,1,1)	(1,1,1,1)	50	2000	0.1	0.0	0.0	0.0	5	1	1.0	0.248	1.0	0.0	1.0	0.0	0.0	0.0	0.0	1.0	100
(0,0,1,1,0,1,1,1)	(1,1,1,1)	50	2000	0.1	0.0	0.0	0.0	5	1	1.0	18.126	1.0	0.0	1.0	0.0	0.0	0.0	0.0	1.0	100
(0,0,1,1,0,1,1,1)	(1,0,0,1)	50	2000	0.1	0.0	0.0	0.0	5	1	1.0	0.495	0.5	0.5	1.0	0.0	0.0	0.0	1.0	0.0	000
(0,0,1,1,0,1,1,1)	(1,0,0,1)	50	2000	0.1	0.0	0.0	0.0	5	1	1.0	0.448	0.48	0.52	1.0	0.0	0.0	0.0	0.0	1.0	100
(0,0,1,1,0,1,1,1)	(1,0,0,1)	50	2000	0.1	0.0	0.0	0.0	5	1	1.0	0.439	0.16	0.84	0.98	0.0	0.02	0.0	0.02	0.98	100
(0,0,1,1,0,1,1,1)	(1,0,0,1)	50	2000	0.1	0.0	0.0	0.0	5	1	1.0	0.411	0.54	0.46	1.0	0.0	0.0	0.0	0.0	1.0	100
(0,0,1,1,0,1,1,1)	(1,0,0,1)	50	2000	0.1	0.0	0.0	0.0	5	1	1.0	0.514	0.5	0.5	1.0	0.0	0.0	0.0	0.0	1.0	100
(0,0,1,1,0,1,1,1)	(1,0,0,1)	50	2000	0.1	0.0	0.0	0.0	5	1	1.0	0.431	0.56	0.44	1.0	0.0	0.0	0.0	0.0	1.0	100
(0,0,1,1,0,1,1,1)	(1,0,0,1)	50	2000	0.1	0.0	0.0	0.0	5	1	1.0	0.585	0.52	0.48	1.0	0.0	0.0	0.0	0.0	1.0	100
(0,0,1,1,0,1,1,1)	(1,0,0,1)	50	2000	0.1	0.0	0.0	0.0	5	1	1.0	0.588	0.54	0.46	1.0	0.0	0.0	0.0	1.0	0.0	000
(0,0,1,1,0,1,1,1)	(1,0,0,1)	50	2000	0.1	0.0	0.0	0.0	5	1	1.0	0.571	0.74	0.26	0.94	0.0	0.06	0.0	0.06	0.94	100
(0,0,1,1,0,1,1,1)	(1,0,0,1)	50	2000	0.1	0.0	0.0	0.0	5	1	1.0	0.426	0.58	0.42	1.0	0.0	0.0	0.0	0.0	1.0	100
(0,0,1,1,0,1,1,1)	(1,0,0,1)	50	2000	0.1	0.0	0.0	0.0	5	1	1.0	0.346	0.38	0.62	1.0	0.0	0.0	0.0	0.0	1.0	100
(0,0,1,1,0,1,1,1)	(1,0,0,1)	50	2000	0.1	0.0	0.0	0.0	5	1	1.0	0.681	0.46	0.54	0.98	0.02	0.0	0.0	0.02	0.98	100
(0,0,1,1,0,1,1,1)	(1,0,0,1)	50	2000	0.1	0.0	0.0	0.0	5	1	1.0	0.437	0.5	0.5	0.96	0.0	0.0	0.04	0.96	0.04	000
(0,0,1,1,0,1,1,1)	(1,0,0,1)	50	2000	0.1	0.0	0.0	0.0	5	1	1.0	0.615	0.54	0.46	1.0	0.0	0.0	0.0	0.0	1.0	100
(0,0,1,1,0,1,1,1)	(1,0,0,1)	50	2000	0.1	0.0	0.0	0.0	5	1	1.0	0.504	0.48	0.52	0.96	0.04	0.0	0.0	0.96	0.04	000
(0,0,1,1,0,1,1,1)	(1,0,0,1)	50	2000	0.1	0.0	0.0	0.0	5	1	1.0	0.538	0.5	0.5	1.0	0.0	0.0	0.0	0.0	1.0	100
